Filename,ID,mge_params,fasta_header,sample_taxid,ref_accession,ref_rank,n_reads_in,n_reads_aligned,n_reads_skipped,ref_length,cov_min,cov_max,cov_avg,cov_med,cleaning_removed_human,cleaning_removed_at,cleaning_removed_outlier,cleaning_removed_reference,cleaning_ambig_bases,cleaning_cov_percent
BBIOP2274-24_r_1.5_s_50_BBIOP2274-24,BBIOP2274-24,r_1.5_s_50_merge,>BBIOP2274-24_r_1.5_s_50_BBIOP2274-24_merge,1971888,XCN33691.1,subfamily:Melolonthinae,,520,null,1539,1.0,38.0,17.29,17.0,null,null,null,null,null,null
BBIOP2189-24_r_1.3_s_50_BBIOP2189-24,BBIOP2189-24,r_1.3_s_50_merge,>BBIOP2189-24_r_1.3_s_50_BBIOP2189-24_merge,206731,YP_009729770.1,genus:Copris,,3490,null,1530,236.0,425.0,334.64,333.0,null,null,null,null,null,null
BBIOP2279-24_r_1.5_s_100_BBIOP2279-24,BBIOP2279-24,r_1.5_s_100_merge,>BBIOP2279-24_r_1.5_s_100_BBIOP2279-24_merge,1971888,XCN33691.1,subfamily:Melolonthinae,,146,null,1539,0.0,32.0,7.39,6.0,null,null,null,null,null,null
BBIOP2199-24_r_1.3_s_100_BBIOP2199-24,BBIOP2199-24,r_1.3_s_100_merge,>BBIOP2199-24_r_1.3_s_100_BBIOP2199-24_merge,166332,AND96251.1,genus:Onthophagus,,1935,null,1548,0.0,316.0,143.32,110.0,null,null,null,null,null,null
BBIOP2202-24_r_1_s_100_BBIOP2202-24,BBIOP2202-24,r_1_s_100_merge,>BBIOP2202-24_r_1_s_100_BBIOP2202-24_merge,166350,AND96251.1,genus:Onthophagus,,385,null,1548,0.0,108.0,31.06,26.5,null,null,null,null,null,null
BBIOP2216-24_r_1.5_s_50_BBIOP2216-24,BBIOP2216-24,r_1.5_s_50_merge,>BBIOP2216-24_r_1.5_s_50_BBIOP2216-24_merge,702309,AND96251.1,family:Scarabaeidae,,214,null,1548,0.0,35.0,8.04,4.0,null,null,null,null,null,null
BBIOP2206-24_r_1_s_50_BBIOP2206-24,BBIOP2206-24,r_1_s_50_merge,>BBIOP2206-24_r_1_s_50_BBIOP2206-24_merge,166353,AND96251.1,genus:Onthophagus,,1093,null,1548,0.0,213.0,55.37,44.0,null,null,null,null,null,null
BBIOP2193-24_r_1.5_s_50_BBIOP2193-24,BBIOP2193-24,r_1.5_s_50_merge,>BBIOP2193-24_r_1.5_s_50_BBIOP2193-24_merge,166330,AND96329.1,genus:Onitis,,11623,null,1545,0.0,759.0,427.59,401.0,null,null,null,null,null,null
BBIOP2238-24_r_1.3_s_100_BBIOP2238-24,BBIOP2238-24,r_1.3_s_100_merge,>BBIOP2238-24_r_1.3_s_100_BBIOP2238-24_merge,702309,AND96251.1,family:Scarabaeidae,,109,null,1548,0.0,30.0,6.31,4.0,null,null,null,null,null,null
BBIOP2229-24_r_1_s_50_BBIOP2229-24,BBIOP2229-24,r_1_s_50_merge,>BBIOP2229-24_r_1_s_50_BBIOP2229-24_merge,702309,AND96251.1,family:Scarabaeidae,,289,null,1548,0.0,29.0,10.87,11.0,null,null,null,null,null,null
BBIOP2263-24_r_1.3_s_100_BBIOP2263-24,BBIOP2263-24,r_1.3_s_100_merge,>BBIOP2263-24_r_1.3_s_100_BBIOP2263-24_merge,1720622,WJR82112.1,genus:Amphimallon,,329,null,1533,0.0,112.0,26.55,12.0,null,null,null,null,null,null
BBIOP2275-24_r_1.3_s_100_BBIOP2275-24,BBIOP2275-24,r_1.3_s_100_merge,>BBIOP2275-24_r_1.3_s_100_BBIOP2275-24_merge,1971888,XCN33691.1,subfamily:Melolonthinae,,477,null,1539,0.0,87.0,23.17,18.0,null,null,null,null,null,null
BBIOP2261-24_r_1_s_50_BBIOP2261-24,BBIOP2261-24,r_1_s_50_merge,>BBIOP2261-24_r_1_s_50_BBIOP2261-24_merge,1720622,WJR82112.1,genus:Amphimallon,,2333,null,1533,9.0,267.0,103.88,97.0,null,null,null,null,null,null
BBIOP2255-24_r_1_s_100_BBIOP2255-24,BBIOP2255-24,r_1_s_100_merge,>BBIOP2255-24_r_1_s_100_BBIOP2255-24_merge,1720622,WJR82112.1,genus:Amphimallon,,399,null,1533,1.0,88.0,26.0,20.0,null,null,null,null,null,null
BBIOP2244-24_r_1.5_s_50_BBIOP2244-24,BBIOP2244-24,r_1.5_s_50_merge,>BBIOP2244-24_r_1.5_s_50_BBIOP2244-24_merge,702309,AND96251.1,family:Scarabaeidae,,359,null,1548,0.0,45.0,12.62,11.0,null,null,null,null,null,null
BBIOP2210-24_r_1_s_50_BBIOP2210-24,BBIOP2210-24,r_1_s_50_merge,>BBIOP2210-24_r_1_s_50_BBIOP2210-24_merge,2722828,YP_010631648.1,family:Glaphyridae,,3264,null,1533,11.0,289.0,162.87,166.0,null,null,null,null,null,null
BBIOP2266-24_r_1_s_50_BBIOP2266-24,BBIOP2266-24,r_1_s_50_merge,>BBIOP2266-24_r_1_s_50_BBIOP2266-24_merge,1720622,WJR82112.1,genus:Amphimallon,,2289,null,1533,45.0,237.0,102.88,99.0,null,null,null,null,null,null
BBIOP2244-24_r_1.5_s_100_BBIOP2244-24,BBIOP2244-24,r_1.5_s_100_merge,>BBIOP2244-24_r_1.5_s_100_BBIOP2244-24_merge,702309,AND96251.1,family:Scarabaeidae,,104,null,1548,0.0,20.0,5.15,3.0,null,null,null,null,null,null
BBIOP2219-24_r_1.3_s_50_BBIOP2219-24,BBIOP2219-24,r_1.3_s_50_merge,>BBIOP2219-24_r_1.3_s_50_BBIOP2219-24_merge,702309,AND96251.1,family:Scarabaeidae,,732,null,1548,0.0,64.0,29.22,28.0,null,null,null,null,null,null
BBIOP2216-24_r_1_s_50_BBIOP2216-24,BBIOP2216-24,r_1_s_50_merge,>BBIOP2216-24_r_1_s_50_BBIOP2216-24_merge,702309,AND96251.1,family:Scarabaeidae,,503,null,1548,0.0,110.0,18.59,11.0,null,null,null,null,null,null
BBIOP2190-24_r_1.3_s_50_BBIOP2190-24,BBIOP2190-24,r_1.3_s_50_merge,>BBIOP2190-24_r_1.3_s_50_BBIOP2190-24_merge,166326,AND96368.1,species:Bubas bison,,113,null,1536,0.0,29.0,5.85,3.0,null,null,null,null,null,null
BBIOP2253-24_r_1.3_s_50_BBIOP2253-24,BBIOP2253-24,r_1.3_s_50_merge,>BBIOP2253-24_r_1.3_s_50_BBIOP2253-24_merge,1720622,WJR82112.1,genus:Amphimallon,,317,null,1533,0.0,36.0,11.2,8.0,null,null,null,null,null,null
BBIOP2241-24_r_1_s_50_BBIOP2241-24,BBIOP2241-24,r_1_s_50_merge,>BBIOP2241-24_r_1_s_50_BBIOP2241-24_merge,702309,AND96251.1,family:Scarabaeidae,,536,null,1548,0.0,98.0,31.37,32.0,null,null,null,null,null,null
BBIOP2229-24_r_1_s_100_BBIOP2229-24,BBIOP2229-24,r_1_s_100_merge,>BBIOP2229-24_r_1_s_100_BBIOP2229-24_merge,702309,AND96251.1,family:Scarabaeidae,,77,null,1548,0.0,12.0,4.34,4.0,null,null,null,null,null,null
BBIOP2234-24_r_1.3_s_100_BBIOP2234-24,BBIOP2234-24,r_1.3_s_100_merge,>BBIOP2234-24_r_1.3_s_100_BBIOP2234-24_merge,702309,AND96251.1,family:Scarabaeidae,,1,null,1548,0.0,1.0,0.05,0.0,null,null,null,null,null,null
BBIOP2196-24_r_1.3_s_50_BBIOP2196-24,BBIOP2196-24,r_1.3_s_50_merge,>BBIOP2196-24_r_1.3_s_50_BBIOP2196-24_merge,166343,AND96617.1,genus:Euoniticellus,,9067,null,1542,0.0,1123.0,399.07,300.5,null,null,null,null,null,null
BBIOP2250-24_r_1_s_100_BBIOP2250-24,BBIOP2250-24,r_1_s_100_merge,>BBIOP2250-24_r_1_s_100_BBIOP2250-24_merge,1720622,WJR82112.1,genus:Amphimallon,,86,null,1533,0.0,31.0,6.91,4.0,null,null,null,null,null,null
BBIOP2252-24_r_1.3_s_100_BBIOP2252-24,BBIOP2252-24,r_1.3_s_100_merge,>BBIOP2252-24_r_1.3_s_100_BBIOP2252-24_merge,1720622,WJR82112.1,genus:Amphimallon,,801,null,1533,10.0,157.0,38.49,31.0,null,null,null,null,null,null
BBIOP2260-24_r_1.3_s_100_BBIOP2260-24,BBIOP2260-24,r_1.3_s_100_merge,>BBIOP2260-24_r_1.3_s_100_BBIOP2260-24_merge,1720622,WJR82112.1,genus:Amphimallon,,55,null,1533,0.0,16.0,3.42,2.0,null,null,null,null,null,null
BBIOP2193-24_r_1.3_s_50_BBIOP2193-24,BBIOP2193-24,r_1.3_s_50_merge,>BBIOP2193-24_r_1.3_s_50_BBIOP2193-24_merge,166330,AND96329.1,genus:Onitis,,12639,null,1545,0.0,773.0,466.1,456.0,null,null,null,null,null,null
BBIOP2276-24_r_1_s_50_BBIOP2276-24,BBIOP2276-24,r_1_s_50_merge,>BBIOP2276-24_r_1_s_50_BBIOP2276-24_merge,1971888,XCN33691.1,subfamily:Melolonthinae,,424,null,1539,0.0,46.0,18.31,17.0,null,null,null,null,null,null
BBIOP2211-24_r_1.5_s_100_BBIOP2211-24,BBIOP2211-24,r_1.5_s_100_merge,>BBIOP2211-24_r_1.5_s_100_BBIOP2211-24_merge,2722828,YP_010631648.1,family:Glaphyridae,,78,null,1533,0.0,18.0,3.72,3.0,null,null,null,null,null,null
BBIOP2210-24_r_1.3_s_100_BBIOP2210-24,BBIOP2210-24,r_1.3_s_100_merge,>BBIOP2210-24_r_1.3_s_100_BBIOP2210-24_merge,2722828,YP_010631648.1,family:Glaphyridae,,1402,null,1533,0.0,174.0,78.54,76.0,null,null,null,null,null,null
BBIOP2227-24_r_1.5_s_100_BBIOP2227-24,BBIOP2227-24,r_1.5_s_100_merge,>BBIOP2227-24_r_1.5_s_100_BBIOP2227-24_merge,702309,AND96251.1,family:Scarabaeidae,,14,null,1548,0.0,8.0,0.57,0.0,null,null,null,null,null,null
BBIOP2218-24_r_1_s_50_BBIOP2218-24,BBIOP2218-24,r_1_s_50_merge,>BBIOP2218-24_r_1_s_50_BBIOP2218-24_merge,702309,AND96251.1,family:Scarabaeidae,,984,null,1548,0.0,123.0,35.45,31.0,null,null,null,null,null,null
BBIOP2193-24_r_1_s_50_BBIOP2193-24,BBIOP2193-24,r_1_s_50_merge,>BBIOP2193-24_r_1_s_50_BBIOP2193-24_merge,166330,AND96329.1,genus:Onitis,,12965,null,1545,0.0,808.0,485.12,476.0,null,null,null,null,null,null
BBIOP2263-24_r_1.3_s_50_BBIOP2263-24,BBIOP2263-24,r_1.3_s_50_merge,>BBIOP2263-24_r_1.3_s_50_BBIOP2263-24_merge,1720622,WJR82112.1,genus:Amphimallon,,4052,null,1533,0.0,2311.0,105.52,52.0,null,null,null,null,null,null
BBIOP2228-24_r_1.5_s_50_BBIOP2228-24,BBIOP2228-24,r_1.5_s_50_merge,>BBIOP2228-24_r_1.5_s_50_BBIOP2228-24_merge,702309,AND96251.1,family:Scarabaeidae,,82,null,1548,0.0,26.0,2.33,0.0,null,null,null,null,null,null
BBIOP2224-24_r_1.3_s_100_BBIOP2224-24,BBIOP2224-24,r_1.3_s_100_merge,>BBIOP2224-24_r_1.3_s_100_BBIOP2224-24_merge,702309,AND96251.1,family:Scarabaeidae,,82,null,1548,0.0,23.0,3.92,2.0,null,null,null,null,null,null
BBIOP2266-24_r_1.5_s_100_BBIOP2266-24,BBIOP2266-24,r_1.5_s_100_merge,>BBIOP2266-24_r_1.5_s_100_BBIOP2266-24_merge,1720622,WJR82112.1,genus:Amphimallon,,1082,null,1533,15.0,112.0,61.48,63.0,null,null,null,null,null,null
BBIOP2249-24_r_1_s_100_BBIOP2249-24,BBIOP2249-24,r_1_s_100_merge,>BBIOP2249-24_r_1_s_100_BBIOP2249-24_merge,1720622,WJR82112.1,genus:Amphimallon,,102,null,1533,0.0,29.0,6.45,4.0,null,null,null,null,null,null
BBIOP2276-24_r_1_s_100_BBIOP2276-24,BBIOP2276-24,r_1_s_100_merge,>BBIOP2276-24_r_1_s_100_BBIOP2276-24_merge,1971888,XCN33691.1,subfamily:Melolonthinae,,148,null,1539,0.0,30.0,10.08,8.0,null,null,null,null,null,null
BBIOP2266-24_r_1.3_s_50_BBIOP2266-24,BBIOP2266-24,r_1.3_s_50_merge,>BBIOP2266-24_r_1.3_s_50_BBIOP2266-24_merge,1720622,WJR82112.1,genus:Amphimallon,,2162,null,1533,43.0,221.0,97.39,93.0,null,null,null,null,null,null
BBIOP2200-24_r_1.5_s_50_BBIOP2200-24,BBIOP2200-24,r_1.5_s_50_merge,>BBIOP2200-24_r_1.5_s_50_BBIOP2200-24_merge,166332,AND96251.1,genus:Onthophagus,,803,null,1548,3.0,144.0,35.66,26.0,null,null,null,null,null,null
BBIOP2243-24_r_1.3_s_100_BBIOP2243-24,BBIOP2243-24,r_1.3_s_100_merge,>BBIOP2243-24_r_1.3_s_100_BBIOP2243-24_merge,702309,AND96251.1,family:Scarabaeidae,,70914,null,1548,0.0,7358.0,3858.33,3876.0,null,null,null,null,null,null
BBIOP2195-24_r_1_s_100_BBIOP2195-24,BBIOP2195-24,r_1_s_100_merge,>BBIOP2195-24_r_1_s_100_BBIOP2195-24_merge,166346,AND96329.1,genus:Onitis,,990,null,1545,0.0,165.0,57.83,53.0,null,null,null,null,null,null
BBIOP2257-24_r_1.3_s_50_BBIOP2257-24,BBIOP2257-24,r_1.3_s_50_merge,>BBIOP2257-24_r_1.3_s_50_BBIOP2257-24_merge,1720622,WJR82112.1,genus:Amphimallon,,1297,null,1533,0.0,181.0,40.54,34.0,null,null,null,null,null,null
BBIOP2188-24_r_1.3_s_100_BBIOP2188-24,BBIOP2188-24,r_1.3_s_100_merge,>BBIOP2188-24_r_1.3_s_100_BBIOP2188-24_merge,166368,XPK45401.1,genus:Gymnopleurus,,123,null,1542,0.0,33.0,6.99,6.0,null,null,null,null,null,null
BBIOP2199-24_r_1.3_s_50_BBIOP2199-24,BBIOP2199-24,r_1.3_s_50_merge,>BBIOP2199-24_r_1.3_s_50_BBIOP2199-24_merge,166332,AND96251.1,genus:Onthophagus,,2217,null,1548,0.0,325.0,151.95,120.0,null,null,null,null,null,null
BBIOP2233-24_r_1.3_s_100_BBIOP2233-24,BBIOP2233-24,r_1.3_s_100_merge,>BBIOP2233-24_r_1.3_s_100_BBIOP2233-24_merge,702309,AND96251.1,family:Scarabaeidae,,36,null,1548,0.0,8.0,1.74,1.0,null,null,null,null,null,null
BBIOP2194-24_r_1_s_100_BBIOP2194-24,BBIOP2194-24,r_1_s_100_merge,>BBIOP2194-24_r_1_s_100_BBIOP2194-24_merge,166346,AND96329.1,genus:Onitis,,1224,null,1545,0.0,237.0,64.97,56.0,null,null,null,null,null,null
BBIOP2240-24_r_1.5_s_100_BBIOP2240-24,BBIOP2240-24,r_1.5_s_100_merge,>BBIOP2240-24_r_1.5_s_100_BBIOP2240-24_merge,702309,AND96251.1,family:Scarabaeidae,,454,null,1548,0.0,76.0,22.66,19.0,null,null,null,null,null,null
BBIOP2224-24_r_1.3_s_50_BBIOP2224-24,BBIOP2224-24,r_1.3_s_50_merge,>BBIOP2224-24_r_1.3_s_50_BBIOP2224-24_merge,702309,AND96251.1,family:Scarabaeidae,,646,null,1548,0.0,79.0,19.91,14.0,null,null,null,null,null,null
BBIOP2251-24_r_1.5_s_100_BBIOP2251-24,BBIOP2251-24,r_1.5_s_100_merge,>BBIOP2251-24_r_1.5_s_100_BBIOP2251-24_merge,1720622,WJR82112.1,genus:Amphimallon,,5,null,1533,0.0,5.0,0.28,0.0,null,null,null,null,null,null
BBIOP2238-24_r_1.5_s_50_BBIOP2238-24,BBIOP2238-24,r_1.5_s_50_merge,>BBIOP2238-24_r_1.5_s_50_BBIOP2238-24_merge,702309,AND96251.1,family:Scarabaeidae,,272,null,1548,0.0,49.0,9.49,8.0,null,null,null,null,null,null
BBIOP2259-24_r_1_s_100_BBIOP2259-24,BBIOP2259-24,r_1_s_100_merge,>BBIOP2259-24_r_1_s_100_BBIOP2259-24_merge,1720622,WJR82112.1,genus:Amphimallon,,262,null,1533,0.0,98.0,26.34,14.0,null,null,null,null,null,null
BBIOP2272-24_r_1.3_s_50_BBIOP2272-24,BBIOP2272-24,r_1.3_s_50_merge,>BBIOP2272-24_r_1.3_s_50_BBIOP2272-24_merge,1971888,XCN33691.1,subfamily:Melolonthinae,,177,null,1539,0.0,52.0,7.96,3.0,null,null,null,null,null,null
BBIOP2247-24_r_1_s_100_BBIOP2247-24,BBIOP2247-24,r_1_s_100_merge,>BBIOP2247-24_r_1_s_100_BBIOP2247-24_merge,1720622,WJR82112.1,genus:Amphimallon,,5903,null,1533,162.0,673.0,392.41,376.0,null,null,null,null,null,null
BBIOP2239-24_r_1.5_s_100_BBIOP2239-24,BBIOP2239-24,r_1.5_s_100_merge,>BBIOP2239-24_r_1.5_s_100_BBIOP2239-24_merge,702309,AND96251.1,family:Scarabaeidae,,14,null,1548,0.0,10.0,0.75,0.0,null,null,null,null,null,null
BBIOP2207-24_r_1.3_s_100_BBIOP2207-24,BBIOP2207-24,r_1.3_s_100_merge,>BBIOP2207-24_r_1.3_s_100_BBIOP2207-24_merge,476056,AND96251.1,genus:Onthophagus,,184,null,1548,0.0,25.0,10.41,10.0,null,null,null,null,null,null
BBIOP2197-24_r_1.5_s_100_BBIOP2197-24,BBIOP2197-24,r_1.5_s_100_merge,>BBIOP2197-24_r_1.5_s_100_BBIOP2197-24_merge,166365,AND96251.1,tribe:Onthophagini,,2422,null,1548,2.0,301.0,151.53,148.0,null,null,null,null,null,null
BBIOP2239-24_r_1.3_s_100_BBIOP2239-24,BBIOP2239-24,r_1.3_s_100_merge,>BBIOP2239-24_r_1.3_s_100_BBIOP2239-24_merge,702309,AND96251.1,family:Scarabaeidae,,23,null,1548,0.0,17.0,1.4,0.0,null,null,null,null,null,null
BBIOP2278-24_r_1.5_s_100_BBIOP2278-24,BBIOP2278-24,r_1.5_s_100_merge,>BBIOP2278-24_r_1.5_s_100_BBIOP2278-24_merge,1971888,XCN33691.1,subfamily:Melolonthinae,,505,null,1539,4.0,64.0,26.55,23.0,null,null,null,null,null,null
BBIOP2239-24_r_1.3_s_50_BBIOP2239-24,BBIOP2239-24,r_1.3_s_50_merge,>BBIOP2239-24_r_1.3_s_50_BBIOP2239-24_merge,702309,AND96251.1,family:Scarabaeidae,,62,null,1548,0.0,18.0,2.34,0.0,null,null,null,null,null,null
BBIOP2186-24_r_1.5_s_50_BBIOP2186-24,BBIOP2186-24,r_1.5_s_50_merge,>BBIOP2186-24_r_1.5_s_50_BBIOP2186-24_merge,1172027,AND96251.1,subfamily:Scarabaeinae,,1918,null,1548,0.0,233.0,64.77,58.0,null,null,null,null,null,null
BBIOP2258-24_r_1.5_s_100_BBIOP2258-24,BBIOP2258-24,r_1.5_s_100_merge,>BBIOP2258-24_r_1.5_s_100_BBIOP2258-24_merge,1720622,WJR82112.1,genus:Amphimallon,,516,null,1533,1.0,101.0,39.57,41.0,null,null,null,null,null,null
BBIOP2188-24_r_1.5_s_50_BBIOP2188-24,BBIOP2188-24,r_1.5_s_50_merge,>BBIOP2188-24_r_1.5_s_50_BBIOP2188-24_merge,166368,XPK45401.1,genus:Gymnopleurus,,303,null,1542,0.0,35.0,10.4,9.0,null,null,null,null,null,null
BBIOP2250-24_r_1.5_s_50_BBIOP2250-24,BBIOP2250-24,r_1.5_s_50_merge,>BBIOP2250-24_r_1.5_s_50_BBIOP2250-24_merge,1720622,WJR82112.1,genus:Amphimallon,,144,null,1533,0.0,19.0,5.06,4.0,null,null,null,null,null,null
BBIOP2243-24_r_1_s_50_BBIOP2243-24,BBIOP2243-24,r_1_s_50_merge,>BBIOP2243-24_r_1_s_50_BBIOP2243-24_merge,702309,AND96251.1,family:Scarabaeidae,,138069,null,1548,0.0,11678.0,6057.06,5904.5,null,null,null,null,null,null
BBIOP2212-24_r_1.3_s_50_BBIOP2212-24,BBIOP2212-24,r_1.3_s_50_merge,>BBIOP2212-24_r_1.3_s_50_BBIOP2212-24_merge,2722830,YP_010631648.1,family:Glaphyridae,,671,null,1533,0.0,93.0,25.62,22.0,null,null,null,null,null,null
BBIOP2199-24_r_1.5_s_100_BBIOP2199-24,BBIOP2199-24,r_1.5_s_100_merge,>BBIOP2199-24_r_1.5_s_100_BBIOP2199-24_merge,166332,AND96251.1,genus:Onthophagus,,1866,null,1548,0.0,308.0,138.77,110.0,null,null,null,null,null,null
BBIOP2242-24_r_1.3_s_50_BBIOP2242-24,BBIOP2242-24,r_1.3_s_50_merge,>BBIOP2242-24_r_1.3_s_50_BBIOP2242-24_merge,702309,AND96251.1,family:Scarabaeidae,,5862,null,1548,0.0,456.0,223.48,218.5,null,null,null,null,null,null
BBIOP2205-24_r_1.5_s_100_BBIOP2205-24,BBIOP2205-24,r_1.5_s_100_merge,>BBIOP2205-24_r_1.5_s_100_BBIOP2205-24_merge,166353,AND96251.1,genus:Onthophagus,,0,null,1548,0.0,0.0,0.0,0.0,null,null,null,null,null,null
BBIOP2246-24_r_1_s_100_BBIOP2246-24,BBIOP2246-24,r_1_s_100_merge,>BBIOP2246-24_r_1_s_100_BBIOP2246-24_merge,1720622,WJR82112.1,genus:Amphimallon,,443,null,1533,9.0,63.0,24.9,22.0,null,null,null,null,null,null
BBIOP2269-24_r_1.3_s_50_BBIOP2269-24,BBIOP2269-24,r_1.3_s_50_merge,>BBIOP2269-24_r_1.3_s_50_BBIOP2269-24_merge,1720622,WJR82112.1,genus:Amphimallon,,2774,null,1533,14.0,352.0,91.77,78.0,null,null,null,null,null,null
BBIOP2242-24_r_1.3_s_100_BBIOP2242-24,BBIOP2242-24,r_1.3_s_100_merge,>BBIOP2242-24_r_1.3_s_100_BBIOP2242-24_merge,702309,AND96251.1,family:Scarabaeidae,,2200,null,1548,0.0,261.0,111.01,111.0,null,null,null,null,null,null
BBIOP2251-24_r_1_s_100_BBIOP2251-24,BBIOP2251-24,r_1_s_100_merge,>BBIOP2251-24_r_1_s_100_BBIOP2251-24_merge,1720622,WJR82112.1,genus:Amphimallon,,253,null,1533,0.0,86.0,27.45,16.0,null,null,null,null,null,null
BBIOP2239-24_r_1_s_50_BBIOP2239-24,BBIOP2239-24,r_1_s_50_merge,>BBIOP2239-24_r_1_s_50_BBIOP2239-24_merge,702309,AND96251.1,family:Scarabaeidae,,257,null,1548,0.0,70.0,16.74,15.0,null,null,null,null,null,null
BBIOP2222-24_r_1.5_s_50_BBIOP2222-24,BBIOP2222-24,r_1.5_s_50_merge,>BBIOP2222-24_r_1.5_s_50_BBIOP2222-24_merge,702309,AND96251.1,family:Scarabaeidae,,212,null,1548,0.0,37.0,8.13,6.0,null,null,null,null,null,null
BBIOP2273-24_r_1.3_s_50_BBIOP2273-24,BBIOP2273-24,r_1.3_s_50_merge,>BBIOP2273-24_r_1.3_s_50_BBIOP2273-24_merge,1971888,XCN33691.1,subfamily:Melolonthinae,,247,null,1539,0.0,56.0,10.67,5.0,null,null,null,null,null,null
BBIOP2196-24_r_1.5_s_50_BBIOP2196-24,BBIOP2196-24,r_1.5_s_50_merge,>BBIOP2196-24_r_1.5_s_50_BBIOP2196-24_merge,166343,AND96617.1,genus:Euoniticellus,,8727,null,1542,0.0,1081.0,385.01,294.0,null,null,null,null,null,null
BBIOP2225-24_r_1.5_s_100_BBIOP2225-24,BBIOP2225-24,r_1.5_s_100_merge,>BBIOP2225-24_r_1.5_s_100_BBIOP2225-24_merge,702309,AND96251.1,family:Scarabaeidae,,1010,null,1548,0.0,102.0,60.15,68.0,null,null,null,null,null,null
BBIOP2187-24_r_1.3_s_50_BBIOP2187-24,BBIOP2187-24,r_1.3_s_50_merge,>BBIOP2187-24_r_1.3_s_50_BBIOP2187-24_merge,166368,XPK45401.1,genus:Gymnopleurus,,10025,null,1542,6.0,1589.0,498.4,339.0,null,null,null,null,null,null
BBIOP2252-24_r_1.3_s_50_BBIOP2252-24,BBIOP2252-24,r_1.3_s_50_merge,>BBIOP2252-24_r_1.3_s_50_BBIOP2252-24_merge,1720622,WJR82112.1,genus:Amphimallon,,2519,null,1533,25.0,248.0,89.88,82.0,null,null,null,null,null,null
BBIOP2192-24_r_1.3_s_50_BBIOP2192-24,BBIOP2192-24,r_1.3_s_50_merge,>BBIOP2192-24_r_1.3_s_50_BBIOP2192-24_merge,166330,AND96329.1,genus:Onitis,,398,null,1545,0.0,58.0,16.02,14.0,null,null,null,null,null,null
BBIOP2259-24_r_1.3_s_100_BBIOP2259-24,BBIOP2259-24,r_1.3_s_100_merge,>BBIOP2259-24_r_1.3_s_100_BBIOP2259-24_merge,1720622,WJR82112.1,genus:Amphimallon,,63,null,1533,0.0,16.0,4.87,3.0,null,null,null,null,null,null
BBIOP2250-24_r_1.3_s_50_BBIOP2250-24,BBIOP2250-24,r_1.3_s_50_merge,>BBIOP2250-24_r_1.3_s_50_BBIOP2250-24_merge,1720622,WJR82112.1,genus:Amphimallon,,217,null,1533,0.0,32.0,7.66,6.0,null,null,null,null,null,null
BBIOP2249-24_r_1.5_s_50_BBIOP2249-24,BBIOP2249-24,r_1.5_s_50_merge,>BBIOP2249-24_r_1.5_s_50_BBIOP2249-24_merge,1720622,WJR82112.1,genus:Amphimallon,,238,null,1533,0.0,25.0,8.29,7.0,null,null,null,null,null,null
BBIOP2254-24_r_1_s_50_BBIOP2254-24,BBIOP2254-24,r_1_s_50_merge,>BBIOP2254-24_r_1_s_50_BBIOP2254-24_merge,1720622,WJR82112.1,genus:Amphimallon,,572,null,1533,0.0,96.0,21.96,19.0,null,null,null,null,null,null
BBIOP2198-24_r_1.5_s_100_BBIOP2198-24,BBIOP2198-24,r_1.5_s_100_merge,>BBIOP2198-24_r_1.5_s_100_BBIOP2198-24_merge,166365,AND96251.1,tribe:Onthophagini,,17889,null,1548,0.0,2039.0,1300.8,1289.5,null,null,null,null,null,null
BBIOP2217-24_r_1_s_50_BBIOP2217-24,BBIOP2217-24,r_1_s_50_merge,>BBIOP2217-24_r_1_s_50_BBIOP2217-24_merge,702309,AND96251.1,family:Scarabaeidae,,740,null,1548,0.0,89.0,29.99,28.5,null,null,null,null,null,null
BBIOP2203-24_r_1.3_s_100_BBIOP2203-24,BBIOP2203-24,r_1.3_s_100_merge,>BBIOP2203-24_r_1.3_s_100_BBIOP2203-24_merge,1541080,AND96251.1,genus:Onthophagus,,58,null,1548,0.0,32.0,2.85,0.0,null,null,null,null,null,null
BBIOP2275-24_r_1_s_50_BBIOP2275-24,BBIOP2275-24,r_1_s_50_merge,>BBIOP2275-24_r_1_s_50_BBIOP2275-24_merge,1971888,XCN33691.1,subfamily:Melolonthinae,,2487,null,1539,0.0,325.0,95.54,90.0,null,null,null,null,null,null
BBIOP2275-24_r_1.5_s_50_BBIOP2275-24,BBIOP2275-24,r_1.5_s_50_merge,>BBIOP2275-24_r_1.5_s_50_BBIOP2275-24_merge,1971888,XCN33691.1,subfamily:Melolonthinae,,1760,null,1539,0.0,274.0,58.14,49.0,null,null,null,null,null,null
BBIOP2229-24_r_1.5_s_50_BBIOP2229-24,BBIOP2229-24,r_1.5_s_50_merge,>BBIOP2229-24_r_1.5_s_50_BBIOP2229-24_merge,702309,AND96251.1,family:Scarabaeidae,,209,null,1548,0.0,25.0,7.11,6.0,null,null,null,null,null,null
BBIOP2265-24_r_1.3_s_50_BBIOP2265-24,BBIOP2265-24,r_1.3_s_50_merge,>BBIOP2265-24_r_1.3_s_50_BBIOP2265-24_merge,1720622,WJR82112.1,genus:Amphimallon,,1958,null,1533,19.0,154.0,71.43,70.0,null,null,null,null,null,null
BBIOP2190-24_r_1_s_50_BBIOP2190-24,BBIOP2190-24,r_1_s_50_merge,>BBIOP2190-24_r_1_s_50_BBIOP2190-24_merge,166326,AND96368.1,species:Bubas bison,,334,null,1536,0.0,79.0,18.88,18.0,null,null,null,null,null,null
BBIOP2267-24_r_1_s_50_BBIOP2267-24,BBIOP2267-24,r_1_s_50_merge,>BBIOP2267-24_r_1_s_50_BBIOP2267-24_merge,1720622,WJR82112.1,genus:Amphimallon,,4177,null,1533,37.0,507.0,164.82,143.0,null,null,null,null,null,null
BBIOP2236-24_r_1_s_50_BBIOP2236-24,BBIOP2236-24,r_1_s_50_merge,>BBIOP2236-24_r_1_s_50_BBIOP2236-24_merge,702309,AND96251.1,family:Scarabaeidae,,893,null,1548,0.0,101.0,36.58,31.0,null,null,null,null,null,null
BBIOP2227-24_r_1.3_s_50_BBIOP2227-24,BBIOP2227-24,r_1.3_s_50_merge,>BBIOP2227-24_r_1.3_s_50_BBIOP2227-24_merge,702309,AND96251.1,family:Scarabaeidae,,187,null,1548,0.0,38.0,7.25,6.0,null,null,null,null,null,null
BBIOP2222-24_r_1.3_s_100_BBIOP2222-24,BBIOP2222-24,r_1.3_s_100_merge,>BBIOP2222-24_r_1.3_s_100_BBIOP2222-24_merge,702309,AND96251.1,family:Scarabaeidae,,92,null,1548,0.0,23.0,5.11,4.0,null,null,null,null,null,null
BBIOP2277-24_r_1_s_50_BBIOP2277-24,BBIOP2277-24,r_1_s_50_merge,>BBIOP2277-24_r_1_s_50_BBIOP2277-24_merge,1971888,XCN33691.1,subfamily:Melolonthinae,,185,null,1539,0.0,36.0,11.29,9.0,null,null,null,null,null,null
BBIOP2263-24_r_1.5_s_50_BBIOP2263-24,BBIOP2263-24,r_1.5_s_50_merge,>BBIOP2263-24_r_1.5_s_50_BBIOP2263-24_merge,1720622,WJR82112.1,genus:Amphimallon,,3809,null,1533,0.0,2282.0,94.4,46.0,null,null,null,null,null,null
BBIOP2214-24_r_1.3_s_50_BBIOP2214-24,BBIOP2214-24,r_1.3_s_50_merge,>BBIOP2214-24_r_1.3_s_50_BBIOP2214-24_merge,702309,AND96251.1,family:Scarabaeidae,,591,null,1548,0.0,72.0,18.96,15.0,null,null,null,null,null,null
BBIOP2215-24_r_1.3_s_100_BBIOP2215-24,BBIOP2215-24,r_1.3_s_100_merge,>BBIOP2215-24_r_1.3_s_100_BBIOP2215-24_merge,702309,AND96251.1,family:Scarabaeidae,,577,null,1548,0.0,123.0,28.06,24.0,null,null,null,null,null,null
BBIOP2191-24_r_1.3_s_50_BBIOP2191-24,BBIOP2191-24,r_1.3_s_50_merge,>BBIOP2191-24_r_1.3_s_50_BBIOP2191-24_merge,166340,AND96355.1,species:Bubas bubalus,,3240,null,1536,71.0,409.0,197.56,177.5,null,null,null,null,null,null
BBIOP2278-24_r_1.3_s_50_BBIOP2278-24,BBIOP2278-24,r_1.3_s_50_merge,>BBIOP2278-24_r_1.3_s_50_BBIOP2278-24_merge,1971888,XCN33691.1,subfamily:Melolonthinae,,1350,null,1539,19.0,125.0,53.65,48.0,null,null,null,null,null,null
BBIOP2252-24_r_1_s_100_BBIOP2252-24,BBIOP2252-24,r_1_s_100_merge,>BBIOP2252-24_r_1_s_100_BBIOP2252-24_merge,1720622,WJR82112.1,genus:Amphimallon,,825,null,1533,10.0,161.0,40.95,34.0,null,null,null,null,null,null
BBIOP2257-24_r_1_s_100_BBIOP2257-24,BBIOP2257-24,r_1_s_100_merge,>BBIOP2257-24_r_1_s_100_BBIOP2257-24_merge,1720622,WJR82112.1,genus:Amphimallon,,324,null,1533,0.0,76.0,23.03,17.0,null,null,null,null,null,null
BBIOP2219-24_r_1_s_50_BBIOP2219-24,BBIOP2219-24,r_1_s_50_merge,>BBIOP2219-24_r_1_s_50_BBIOP2219-24_merge,702309,AND96251.1,family:Scarabaeidae,,902,null,1548,0.0,79.0,37.16,35.0,null,null,null,null,null,null
BBIOP2230-24_r_1.3_s_50_BBIOP2230-24,BBIOP2230-24,r_1.3_s_50_merge,>BBIOP2230-24_r_1.3_s_50_BBIOP2230-24_merge,702309,AND96251.1,family:Scarabaeidae,,237,null,1548,0.0,26.0,8.25,8.0,null,null,null,null,null,null
BBIOP2253-24_r_1_s_50_BBIOP2253-24,BBIOP2253-24,r_1_s_50_merge,>BBIOP2253-24_r_1_s_50_BBIOP2253-24_merge,1720622,WJR82112.1,genus:Amphimallon,,569,null,1533,0.0,106.0,31.15,25.0,null,null,null,null,null,null
BBIOP2209-24_r_1.3_s_100_BBIOP2209-24,BBIOP2209-24,r_1.3_s_100_merge,>BBIOP2209-24_r_1.3_s_100_BBIOP2209-24_merge,2722829,YP_010631648.1,family:Glaphyridae,,117,null,1533,0.0,30.0,6.54,4.0,null,null,null,null,null,null
BBIOP2230-24_r_1.5_s_100_BBIOP2230-24,BBIOP2230-24,r_1.5_s_100_merge,>BBIOP2230-24_r_1.5_s_100_BBIOP2230-24_merge,702309,AND96251.1,family:Scarabaeidae,,59,null,1548,0.0,9.0,2.79,3.0,null,null,null,null,null,null
BBIOP2197-24_r_1_s_50_BBIOP2197-24,BBIOP2197-24,r_1_s_50_merge,>BBIOP2197-24_r_1_s_50_BBIOP2197-24_merge,166365,AND96251.1,tribe:Onthophagini,,3494,null,1548,3.0,363.0,190.82,186.0,null,null,null,null,null,null
BBIOP2276-24_r_1.3_s_50_BBIOP2276-24,BBIOP2276-24,r_1.3_s_50_merge,>BBIOP2276-24_r_1.3_s_50_BBIOP2276-24_merge,1971888,XCN33691.1,subfamily:Melolonthinae,,333,null,1539,0.0,34.0,12.39,11.0,null,null,null,null,null,null
BBIOP2274-24_r_1_s_50_BBIOP2274-24,BBIOP2274-24,r_1_s_50_merge,>BBIOP2274-24_r_1_s_50_BBIOP2274-24_merge,1971888,XCN33691.1,subfamily:Melolonthinae,,743,null,1539,2.0,77.0,29.72,29.0,null,null,null,null,null,null
BBIOP2216-24_r_1.3_s_100_BBIOP2216-24,BBIOP2216-24,r_1.3_s_100_merge,>BBIOP2216-24_r_1.3_s_100_BBIOP2216-24_merge,702309,AND96251.1,family:Scarabaeidae,,106,null,1548,0.0,32.0,5.44,3.0,null,null,null,null,null,null
BBIOP2186-24_r_1_s_50_BBIOP2186-24,BBIOP2186-24,r_1_s_50_merge,>BBIOP2186-24_r_1_s_50_BBIOP2186-24_merge,1172027,AND96251.1,subfamily:Scarabaeinae,,2601,null,1548,0.0,255.0,102.81,111.0,null,null,null,null,null,null
BBIOP2200-24_r_1.5_s_100_BBIOP2200-24,BBIOP2200-24,r_1.5_s_100_merge,>BBIOP2200-24_r_1.5_s_100_BBIOP2200-24_merge,166332,AND96251.1,genus:Onthophagus,,474,null,1548,1.0,106.0,25.58,20.0,null,null,null,null,null,null
BBIOP2223-24_r_1_s_100_BBIOP2223-24,BBIOP2223-24,r_1_s_100_merge,>BBIOP2223-24_r_1_s_100_BBIOP2223-24_merge,702309,AND96251.1,family:Scarabaeidae,,210,null,1548,0.0,38.0,13.58,12.0,null,null,null,null,null,null
BBIOP2256-24_r_1_s_50_BBIOP2256-24,BBIOP2256-24,r_1_s_50_merge,>BBIOP2256-24_r_1_s_50_BBIOP2256-24_merge,1720622,WJR82112.1,genus:Amphimallon,,347,null,1533,0.0,104.0,22.31,17.0,null,null,null,null,null,null
BBIOP2268-24_r_1.3_s_100_BBIOP2268-24,BBIOP2268-24,r_1.3_s_100_merge,>BBIOP2268-24_r_1.3_s_100_BBIOP2268-24_merge,1720622,WJR82112.1,genus:Amphimallon,,82671,null,1533,1592.0,6956.0,4256.39,4107.0,null,null,null,null,null,null
BBIOP2261-24_r_1.5_s_100_BBIOP2261-24,BBIOP2261-24,r_1.5_s_100_merge,>BBIOP2261-24_r_1.5_s_100_BBIOP2261-24_merge,1720622,WJR82112.1,genus:Amphimallon,,434,null,1533,0.0,78.0,21.18,17.0,null,null,null,null,null,null
BBIOP2264-24_r_1_s_50_BBIOP2264-24,BBIOP2264-24,r_1_s_50_merge,>BBIOP2264-24_r_1_s_50_BBIOP2264-24_merge,1720622,WJR82112.1,genus:Amphimallon,,2651,null,1533,26.0,302.0,87.75,80.0,null,null,null,null,null,null
BBIOP2264-24_r_1_s_100_BBIOP2264-24,BBIOP2264-24,r_1_s_100_merge,>BBIOP2264-24_r_1_s_100_BBIOP2264-24_merge,1720622,WJR82112.1,genus:Amphimallon,,586,null,1533,0.0,78.0,26.56,24.0,null,null,null,null,null,null
BBIOP2234-24_r_1.3_s_50_BBIOP2234-24,BBIOP2234-24,r_1.3_s_50_merge,>BBIOP2234-24_r_1.3_s_50_BBIOP2234-24_merge,702309,AND96251.1,family:Scarabaeidae,,17,null,1548,0.0,4.0,0.54,0.0,null,null,null,null,null,null
BBIOP2236-24_r_1.5_s_100_BBIOP2236-24,BBIOP2236-24,r_1.5_s_100_merge,>BBIOP2236-24_r_1.5_s_100_BBIOP2236-24_merge,702309,AND96251.1,family:Scarabaeidae,,149,null,1548,0.0,27.0,7.46,6.0,null,null,null,null,null,null
BBIOP2222-24_r_1.3_s_50_BBIOP2222-24,BBIOP2222-24,r_1.3_s_50_merge,>BBIOP2222-24_r_1.3_s_50_BBIOP2222-24_merge,702309,AND96251.1,family:Scarabaeidae,,304,null,1548,0.0,41.0,11.41,9.0,null,null,null,null,null,null
BBIOP2258-24_r_1.3_s_100_BBIOP2258-24,BBIOP2258-24,r_1.3_s_100_merge,>BBIOP2258-24_r_1.3_s_100_BBIOP2258-24_merge,1720622,WJR82112.1,genus:Amphimallon,,770,null,1533,2.0,126.0,62.86,65.0,null,null,null,null,null,null
BBIOP2215-24_r_1.3_s_50_BBIOP2215-24,BBIOP2215-24,r_1.3_s_50_merge,>BBIOP2215-24_r_1.3_s_50_BBIOP2215-24_merge,702309,AND96251.1,family:Scarabaeidae,,1607,null,1548,0.0,244.0,59.5,54.5,null,null,null,null,null,null
BBIOP2216-24_r_1_s_100_BBIOP2216-24,BBIOP2216-24,r_1_s_100_merge,>BBIOP2216-24_r_1_s_100_BBIOP2216-24_merge,702309,AND96251.1,family:Scarabaeidae,,124,null,1548,0.0,32.0,6.79,4.0,null,null,null,null,null,null
BBIOP2219-24_r_1.5_s_50_BBIOP2219-24,BBIOP2219-24,r_1.5_s_50_merge,>BBIOP2219-24_r_1.5_s_50_BBIOP2219-24_merge,702309,AND96251.1,family:Scarabaeidae,,580,null,1548,0.0,51.0,22.87,22.0,null,null,null,null,null,null
BBIOP2194-24_r_1.5_s_50_BBIOP2194-24,BBIOP2194-24,r_1.5_s_50_merge,>BBIOP2194-24_r_1.5_s_50_BBIOP2194-24_merge,166346,AND96329.1,genus:Onitis,,2069,null,1545,0.0,320.0,87.94,79.0,null,null,null,null,null,null
BBIOP2226-24_r_1_s_50_BBIOP2226-24,BBIOP2226-24,r_1_s_50_merge,>BBIOP2226-24_r_1_s_50_BBIOP2226-24_merge,702309,AND96251.1,family:Scarabaeidae,,510,null,1548,0.0,208.0,35.73,22.0,null,null,null,null,null,null
BBIOP2256-24_r_1_s_100_BBIOP2256-24,BBIOP2256-24,r_1_s_100_merge,>BBIOP2256-24_r_1_s_100_BBIOP2256-24_merge,1720622,WJR82112.1,genus:Amphimallon,,158,null,1533,0.0,63.0,15.97,8.0,null,null,null,null,null,null
BBIOP2222-24_r_1_s_50_BBIOP2222-24,BBIOP2222-24,r_1_s_50_merge,>BBIOP2222-24_r_1_s_50_BBIOP2222-24_merge,702309,AND96251.1,family:Scarabaeidae,,506,null,1548,0.0,97.0,24.44,20.0,null,null,null,null,null,null
BBIOP2277-24_r_1.3_s_100_BBIOP2277-24,BBIOP2277-24,r_1.3_s_100_merge,>BBIOP2277-24_r_1.3_s_100_BBIOP2277-24_merge,1971888,XCN33691.1,subfamily:Melolonthinae,,36,null,1539,0.0,17.0,2.41,1.0,null,null,null,null,null,null
BBIOP2225-24_r_1_s_100_BBIOP2225-24,BBIOP2225-24,r_1_s_100_merge,>BBIOP2225-24_r_1_s_100_BBIOP2225-24_merge,702309,AND96251.1,family:Scarabaeidae,,1288,null,1548,0.0,133.0,80.77,83.0,null,null,null,null,null,null
BBIOP2212-24_r_1.3_s_100_BBIOP2212-24,BBIOP2212-24,r_1.3_s_100_merge,>BBIOP2212-24_r_1.3_s_100_BBIOP2212-24_merge,2722830,YP_010631648.1,family:Glaphyridae,,205,null,1533,0.0,59.0,11.13,8.0,null,null,null,null,null,null
BBIOP2226-24_r_1.3_s_100_BBIOP2226-24,BBIOP2226-24,r_1.3_s_100_merge,>BBIOP2226-24_r_1.3_s_100_BBIOP2226-24_merge,702309,AND96251.1,family:Scarabaeidae,,32,null,1548,0.0,18.0,2.23,0.0,null,null,null,null,null,null
BBIOP2198-24_r_1.3_s_100_BBIOP2198-24,BBIOP2198-24,r_1.3_s_100_merge,>BBIOP2198-24_r_1.3_s_100_BBIOP2198-24_merge,166365,AND96251.1,tribe:Onthophagini,,18502,null,1548,0.0,2048.0,1340.6,1319.0,null,null,null,null,null,null
BBIOP2202-24_r_1.5_s_50_BBIOP2202-24,BBIOP2202-24,r_1.5_s_50_merge,>BBIOP2202-24_r_1.5_s_50_BBIOP2202-24_merge,166350,AND96251.1,genus:Onthophagus,,310,null,1548,0.0,75.0,15.47,13.0,null,null,null,null,null,null
BBIOP2211-24_r_1_s_50_BBIOP2211-24,BBIOP2211-24,r_1_s_50_merge,>BBIOP2211-24_r_1_s_50_BBIOP2211-24_merge,2722828,YP_010631648.1,family:Glaphyridae,,554,null,1533,1.0,82.0,29.44,25.0,null,null,null,null,null,null
BBIOP2219-24_r_1_s_100_BBIOP2219-24,BBIOP2219-24,r_1_s_100_merge,>BBIOP2219-24_r_1_s_100_BBIOP2219-24_merge,702309,AND96251.1,family:Scarabaeidae,,345,null,1548,0.0,48.0,19.87,17.0,null,null,null,null,null,null
BBIOP2245-24_r_1.3_s_50_BBIOP2245-24,BBIOP2245-24,r_1.3_s_50_merge,>BBIOP2245-24_r_1.3_s_50_BBIOP2245-24_merge,1720622,WJR82112.1,genus:Amphimallon,,1138,null,1533,23.0,118.0,54.05,51.0,null,null,null,null,null,null
BBIOP2199-24_r_1_s_100_BBIOP2199-24,BBIOP2199-24,r_1_s_100_merge,>BBIOP2199-24_r_1_s_100_BBIOP2199-24_merge,166332,AND96251.1,genus:Onthophagus,,1936,null,1548,0.0,316.0,143.39,110.0,null,null,null,null,null,null
BBIOP2260-24_r_1_s_100_BBIOP2260-24,BBIOP2260-24,r_1_s_100_merge,>BBIOP2260-24_r_1_s_100_BBIOP2260-24_merge,1720622,WJR82112.1,genus:Amphimallon,,163,null,1533,0.0,54.0,15.07,9.0,null,null,null,null,null,null
BBIOP2225-24_r_1.3_s_100_BBIOP2225-24,BBIOP2225-24,r_1.3_s_100_merge,>BBIOP2225-24_r_1.3_s_100_BBIOP2225-24_merge,702309,AND96251.1,family:Scarabaeidae,,1168,null,1548,0.0,120.0,70.97,75.0,null,null,null,null,null,null
BBIOP2212-24_r_1.5_s_100_BBIOP2212-24,BBIOP2212-24,r_1.5_s_100_merge,>BBIOP2212-24_r_1.5_s_100_BBIOP2212-24_merge,2722830,YP_010631648.1,family:Glaphyridae,,179,null,1533,0.0,55.0,9.29,7.0,null,null,null,null,null,null
BBIOP2202-24_r_1.3_s_100_BBIOP2202-24,BBIOP2202-24,r_1.3_s_100_merge,>BBIOP2202-24_r_1.3_s_100_BBIOP2202-24_merge,166350,AND96251.1,genus:Onthophagus,,224,null,1548,0.0,60.0,15.07,12.0,null,null,null,null,null,null
BBIOP2198-24_r_1_s_50_BBIOP2198-24,BBIOP2198-24,r_1_s_50_merge,>BBIOP2198-24_r_1_s_50_BBIOP2198-24_merge,166365,AND96251.1,tribe:Onthophagini,,21498,null,1548,3.0,2147.0,1448.23,1407.5,null,null,null,null,null,null
BBIOP2274-24_r_1.3_s_100_BBIOP2274-24,BBIOP2274-24,r_1.3_s_100_merge,>BBIOP2274-24_r_1.3_s_100_BBIOP2274-24_merge,1971888,XCN33691.1,subfamily:Melolonthinae,,155,null,1539,0.0,18.0,7.38,7.0,null,null,null,null,null,null
BBIOP2217-24_r_1.3_s_50_BBIOP2217-24,BBIOP2217-24,r_1.3_s_50_merge,>BBIOP2217-24_r_1.3_s_50_BBIOP2217-24_merge,702309,AND96251.1,family:Scarabaeidae,,578,null,1548,0.0,55.0,21.65,21.0,null,null,null,null,null,null
BBIOP2239-24_r_1_s_100_BBIOP2239-24,BBIOP2239-24,r_1_s_100_merge,>BBIOP2239-24_r_1_s_100_BBIOP2239-24_merge,702309,AND96251.1,family:Scarabaeidae,,140,null,1548,0.0,37.0,12.79,9.0,null,null,null,null,null,null
BBIOP2259-24_r_1.5_s_50_BBIOP2259-24,BBIOP2259-24,r_1.5_s_50_merge,>BBIOP2259-24_r_1.5_s_50_BBIOP2259-24_merge,1720622,WJR82112.1,genus:Amphimallon,,165,null,1533,0.0,21.0,5.69,3.0,null,null,null,null,null,null
BBIOP2273-24_r_1.5_s_100_BBIOP2273-24,BBIOP2273-24,r_1.5_s_100_merge,>BBIOP2273-24_r_1.5_s_100_BBIOP2273-24_merge,1971888,XCN33691.1,subfamily:Melolonthinae,,22,null,1539,0.0,11.0,0.98,0.0,null,null,null,null,null,null
BBIOP2233-24_r_1_s_50_BBIOP2233-24,BBIOP2233-24,r_1_s_50_merge,>BBIOP2233-24_r_1_s_50_BBIOP2233-24_merge,702309,AND96251.1,family:Scarabaeidae,,278,null,1548,0.0,22.0,9.39,8.0,null,null,null,null,null,null
BBIOP2198-24_r_1_s_100_BBIOP2198-24,BBIOP2198-24,r_1_s_100_merge,>BBIOP2198-24_r_1_s_100_BBIOP2198-24_merge,166365,AND96251.1,tribe:Onthophagini,,18670,null,1548,0.0,2048.0,1358.96,1336.5,null,null,null,null,null,null
BBIOP2270-24_r_1.5_s_100_BBIOP2270-24,BBIOP2270-24,r_1.5_s_100_merge,>BBIOP2270-24_r_1.5_s_100_BBIOP2270-24_merge,1720622,WJR82112.1,genus:Amphimallon,,129,null,1533,0.0,39.0,6.1,1.0,null,null,null,null,null,null
BBIOP2269-24_r_1.5_s_50_BBIOP2269-24,BBIOP2269-24,r_1.5_s_50_merge,>BBIOP2269-24_r_1.5_s_50_BBIOP2269-24_merge,1720622,WJR82112.1,genus:Amphimallon,,2519,null,1533,0.0,334.0,83.89,72.0,null,null,null,null,null,null
BBIOP2193-24_r_1_s_100_BBIOP2193-24,BBIOP2193-24,r_1_s_100_merge,>BBIOP2193-24_r_1_s_100_BBIOP2193-24_merge,166330,AND96329.1,genus:Onitis,,5011,null,1545,0.0,584.0,247.03,232.0,null,null,null,null,null,null
BBIOP2262-24_r_1_s_100_BBIOP2262-24,BBIOP2262-24,r_1_s_100_merge,>BBIOP2262-24_r_1_s_100_BBIOP2262-24_merge,1720622,WJR82112.1,genus:Amphimallon,,1779,null,1533,18.0,279.0,96.5,87.0,null,null,null,null,null,null
BBIOP2270-24_r_1_s_50_BBIOP2270-24,BBIOP2270-24,r_1_s_50_merge,>BBIOP2270-24_r_1_s_50_BBIOP2270-24_merge,1720622,WJR82112.1,genus:Amphimallon,,1640,null,1533,0.0,229.0,75.59,65.0,null,null,null,null,null,null
BBIOP2210-24_r_1.3_s_50_BBIOP2210-24,BBIOP2210-24,r_1.3_s_50_merge,>BBIOP2210-24_r_1.3_s_50_BBIOP2210-24_merge,2722828,YP_010631648.1,family:Glaphyridae,,2537,null,1533,0.0,232.0,115.23,114.0,null,null,null,null,null,null
BBIOP2206-24_r_1.3_s_50_BBIOP2206-24,BBIOP2206-24,r_1.3_s_50_merge,>BBIOP2206-24_r_1.3_s_50_BBIOP2206-24_merge,166353,AND96251.1,genus:Onthophagus,,435,null,1548,0.0,81.0,16.91,12.0,null,null,null,null,null,null
BBIOP2205-24_r_1.3_s_50_BBIOP2205-24,BBIOP2205-24,r_1.3_s_50_merge,>BBIOP2205-24_r_1.3_s_50_BBIOP2205-24_merge,166353,AND96251.1,genus:Onthophagus,,45,null,1548,0.0,16.0,1.44,0.0,null,null,null,null,null,null
BBIOP2263-24_r_1_s_100_BBIOP2263-24,BBIOP2263-24,r_1_s_100_merge,>BBIOP2263-24_r_1_s_100_BBIOP2263-24_merge,1720622,WJR82112.1,genus:Amphimallon,,409,null,1533,0.0,124.0,34.18,22.0,null,null,null,null,null,null
BBIOP2202-24_r_1.3_s_50_BBIOP2202-24,BBIOP2202-24,r_1.3_s_50_merge,>BBIOP2202-24_r_1.3_s_50_BBIOP2202-24_merge,166350,AND96251.1,genus:Onthophagus,,405,null,1548,0.0,75.0,19.88,15.0,null,null,null,null,null,null
BBIOP2265-24_r_1_s_100_BBIOP2265-24,BBIOP2265-24,r_1_s_100_merge,>BBIOP2265-24_r_1_s_100_BBIOP2265-24_merge,1720622,WJR82112.1,genus:Amphimallon,,716,null,1533,6.0,98.0,44.13,46.0,null,null,null,null,null,null
BBIOP2262-24_r_1.3_s_50_BBIOP2262-24,BBIOP2262-24,r_1.3_s_50_merge,>BBIOP2262-24_r_1.3_s_50_BBIOP2262-24_merge,1720622,WJR82112.1,genus:Amphimallon,,3587,null,1533,55.0,346.0,150.41,133.0,null,null,null,null,null,null
BBIOP2194-24_r_1.3_s_50_BBIOP2194-24,BBIOP2194-24,r_1.3_s_50_merge,>BBIOP2194-24_r_1.3_s_50_BBIOP2194-24_merge,166346,AND96329.1,genus:Onitis,,2262,null,1545,0.0,324.0,96.04,92.0,null,null,null,null,null,null
BBIOP2264-24_r_1.3_s_100_BBIOP2264-24,BBIOP2264-24,r_1.3_s_100_merge,>BBIOP2264-24_r_1.3_s_100_BBIOP2264-24_merge,1720622,WJR82112.1,genus:Amphimallon,,574,null,1533,0.0,76.0,25.5,22.0,null,null,null,null,null,null
BBIOP2220-24_r_1.3_s_50_BBIOP2220-24,BBIOP2220-24,r_1.3_s_50_merge,>BBIOP2220-24_r_1.3_s_50_BBIOP2220-24_merge,702309,AND96251.1,family:Scarabaeidae,,336,null,1548,0.0,34.0,12.37,11.0,null,null,null,null,null,null
BBIOP2208-24_r_1.5_s_50_BBIOP2208-24,BBIOP2208-24,r_1.5_s_50_merge,>BBIOP2208-24_r_1.5_s_50_BBIOP2208-24_merge,166359,AND96251.1,genus:Onthophagus,,303,null,1548,0.0,57.0,14.3,12.0,null,null,null,null,null,null
BBIOP2279-24_r_1_s_100_BBIOP2279-24,BBIOP2279-24,r_1_s_100_merge,>BBIOP2279-24_r_1_s_100_BBIOP2279-24_merge,1971888,XCN33691.1,subfamily:Melolonthinae,,171,null,1539,0.0,33.0,8.86,8.0,null,null,null,null,null,null
BBIOP2196-24_r_1.5_s_100_BBIOP2196-24,BBIOP2196-24,r_1.5_s_100_merge,>BBIOP2196-24_r_1.5_s_100_BBIOP2196-24_merge,166343,AND96617.1,genus:Euoniticellus,,5291,null,1542,0.0,775.0,278.03,207.0,null,null,null,null,null,null
BBIOP2276-24_r_1.5_s_100_BBIOP2276-24,BBIOP2276-24,r_1.5_s_100_merge,>BBIOP2276-24_r_1.5_s_100_BBIOP2276-24_merge,1971888,XCN33691.1,subfamily:Melolonthinae,,104,null,1539,0.0,18.0,5.71,4.0,null,null,null,null,null,null
BBIOP2266-24_r_1_s_100_BBIOP2266-24,BBIOP2266-24,r_1_s_100_merge,>BBIOP2266-24_r_1_s_100_BBIOP2266-24_merge,1720622,WJR82112.1,genus:Amphimallon,,1213,null,1533,17.0,115.0,69.88,71.0,null,null,null,null,null,null
BBIOP2243-24_r_1_s_100_BBIOP2243-24,BBIOP2243-24,r_1_s_100_merge,>BBIOP2243-24_r_1_s_100_BBIOP2243-24_merge,702309,AND96251.1,family:Scarabaeidae,,72453,null,1548,0.0,7363.0,3969.43,3886.0,null,null,null,null,null,null
BBIOP2275-24_r_1.3_s_50_BBIOP2275-24,BBIOP2275-24,r_1.3_s_50_merge,>BBIOP2275-24_r_1.3_s_50_BBIOP2275-24_merge,1971888,XCN33691.1,subfamily:Melolonthinae,,2177,null,1539,0.0,282.0,74.22,63.0,null,null,null,null,null,null
BBIOP2227-24_r_1_s_50_BBIOP2227-24,BBIOP2227-24,r_1_s_50_merge,>BBIOP2227-24_r_1_s_50_BBIOP2227-24_merge,702309,AND96251.1,family:Scarabaeidae,,406,null,1548,0.0,93.0,26.47,19.0,null,null,null,null,null,null
BBIOP2205-24_r_1_s_50_BBIOP2205-24,BBIOP2205-24,r_1_s_50_merge,>BBIOP2205-24_r_1_s_50_BBIOP2205-24_merge,166353,AND96251.1,genus:Onthophagus,,199,null,1548,0.0,45.0,14.81,14.5,null,null,null,null,null,null
BBIOP2260-24_r_1.3_s_50_BBIOP2260-24,BBIOP2260-24,r_1.3_s_50_merge,>BBIOP2260-24_r_1.3_s_50_BBIOP2260-24_merge,1720622,WJR82112.1,genus:Amphimallon,,346,null,1533,0.0,36.0,11.54,10.0,null,null,null,null,null,null
BBIOP2227-24_r_1.3_s_100_BBIOP2227-24,BBIOP2227-24,r_1.3_s_100_merge,>BBIOP2227-24_r_1.3_s_100_BBIOP2227-24_merge,702309,AND96251.1,family:Scarabaeidae,,59,null,1548,0.0,16.0,3.8,2.0,null,null,null,null,null,null
BBIOP2254-24_r_1.3_s_100_BBIOP2254-24,BBIOP2254-24,r_1.3_s_100_merge,>BBIOP2254-24_r_1.3_s_100_BBIOP2254-24_merge,1720622,WJR82112.1,genus:Amphimallon,,139,null,1533,0.0,29.0,6.68,5.0,null,null,null,null,null,null
BBIOP2232-24_r_1_s_50_BBIOP2232-24,BBIOP2232-24,r_1_s_50_merge,>BBIOP2232-24_r_1_s_50_BBIOP2232-24_merge,702309,AND96251.1,family:Scarabaeidae,,837,null,1548,0.0,78.0,41.0,39.0,null,null,null,null,null,null
BBIOP2260-24_r_1.5_s_50_BBIOP2260-24,BBIOP2260-24,r_1.5_s_50_merge,>BBIOP2260-24_r_1.5_s_50_BBIOP2260-24_merge,1720622,WJR82112.1,genus:Amphimallon,,276,null,1533,0.0,29.0,8.36,7.0,null,null,null,null,null,null
BBIOP2262-24_r_1.5_s_100_BBIOP2262-24,BBIOP2262-24,r_1.5_s_100_merge,>BBIOP2262-24_r_1.5_s_100_BBIOP2262-24_merge,1720622,WJR82112.1,genus:Amphimallon,,1582,null,1533,3.0,272.0,83.86,77.0,null,null,null,null,null,null
BBIOP2205-24_r_1.3_s_100_BBIOP2205-24,BBIOP2205-24,r_1.3_s_100_merge,>BBIOP2205-24_r_1.3_s_100_BBIOP2205-24_merge,166353,AND96251.1,genus:Onthophagus,,7,null,1548,0.0,7.0,0.48,0.0,null,null,null,null,null,null
BBIOP2248-24_r_1_s_100_BBIOP2248-24,BBIOP2248-24,r_1_s_100_merge,>BBIOP2248-24_r_1_s_100_BBIOP2248-24_merge,1720622,WJR82112.1,genus:Amphimallon,,159,null,1533,0.0,33.0,10.66,10.0,null,null,null,null,null,null
BBIOP2279-24_r_1_s_50_BBIOP2279-24,BBIOP2279-24,r_1_s_50_merge,>BBIOP2279-24_r_1_s_50_BBIOP2279-24_merge,1971888,XCN33691.1,subfamily:Melolonthinae,,492,null,1539,0.0,69.0,18.96,14.0,null,null,null,null,null,null
BBIOP2191-24_r_1.5_s_100_BBIOP2191-24,BBIOP2191-24,r_1.5_s_100_merge,>BBIOP2191-24_r_1.5_s_100_BBIOP2191-24_merge,166340,AND96355.1,species:Bubas bubalus,,2574,null,1536,61.0,385.0,177.19,149.5,null,null,null,null,null,null
BBIOP2222-24_r_1.5_s_100_BBIOP2222-24,BBIOP2222-24,r_1.5_s_100_merge,>BBIOP2222-24_r_1.5_s_100_BBIOP2222-24_merge,702309,AND96251.1,family:Scarabaeidae,,76,null,1548,0.0,21.0,4.16,2.5,null,null,null,null,null,null
BBIOP2222-24_r_1_s_100_BBIOP2222-24,BBIOP2222-24,r_1_s_100_merge,>BBIOP2222-24_r_1_s_100_BBIOP2222-24_merge,702309,AND96251.1,family:Scarabaeidae,,168,null,1548,0.0,37.0,13.89,10.0,null,null,null,null,null,null
BBIOP2230-24_r_1_s_50_BBIOP2230-24,BBIOP2230-24,r_1_s_50_merge,>BBIOP2230-24_r_1_s_50_BBIOP2230-24_merge,702309,AND96251.1,family:Scarabaeidae,,320,null,1548,0.0,37.0,12.83,11.5,null,null,null,null,null,null
BBIOP2192-24_r_1_s_100_BBIOP2192-24,BBIOP2192-24,r_1_s_100_merge,>BBIOP2192-24_r_1_s_100_BBIOP2192-24_merge,166330,AND96329.1,genus:Onitis,,366,null,1545,0.0,89.0,30.44,29.0,null,null,null,null,null,null
BBIOP2200-24_r_1_s_100_BBIOP2200-24,BBIOP2200-24,r_1_s_100_merge,>BBIOP2200-24_r_1_s_100_BBIOP2200-24_merge,166332,AND96251.1,genus:Onthophagus,,709,null,1548,1.0,118.0,48.91,35.0,null,null,null,null,null,null
BBIOP2255-24_r_1.5_s_100_BBIOP2255-24,BBIOP2255-24,r_1.5_s_100_merge,>BBIOP2255-24_r_1.5_s_100_BBIOP2255-24_merge,1720622,WJR82112.1,genus:Amphimallon,,280,null,1533,0.0,65.0,13.03,9.0,null,null,null,null,null,null
BBIOP2263-24_r_1_s_50_BBIOP2263-24,BBIOP2263-24,r_1_s_50_merge,>BBIOP2263-24_r_1_s_50_BBIOP2263-24_merge,1720622,WJR82112.1,genus:Amphimallon,,4259,null,1533,5.0,2356.0,117.86,64.0,null,null,null,null,null,null
BBIOP2200-24_r_1.3_s_100_BBIOP2200-24,BBIOP2200-24,r_1.3_s_100_merge,>BBIOP2200-24_r_1.3_s_100_BBIOP2200-24_merge,166332,AND96251.1,genus:Onthophagus,,543,null,1548,1.0,106.0,29.56,22.0,null,null,null,null,null,null
BBIOP2201-24_r_1_s_100_BBIOP2201-24,BBIOP2201-24,r_1_s_100_merge,>BBIOP2201-24_r_1_s_100_BBIOP2201-24_merge,166350,AND96251.1,genus:Onthophagus,,4004,null,1548,0.0,1363.0,322.96,142.0,null,null,null,null,null,null
BBIOP2266-24_r_1.3_s_100_BBIOP2266-24,BBIOP2266-24,r_1.3_s_100_merge,>BBIOP2266-24_r_1.3_s_100_BBIOP2266-24_merge,1720622,WJR82112.1,genus:Amphimallon,,1176,null,1533,17.0,114.0,67.4,68.0,null,null,null,null,null,null
BBIOP2280-24_r_1.5_s_50_BBIOP2280-24,BBIOP2280-24,r_1.5_s_50_merge,>BBIOP2280-24_r_1.5_s_50_BBIOP2280-24_merge,1971888,XCN33691.1,subfamily:Melolonthinae,,1881,null,1539,0.0,360.0,64.95,58.0,null,null,null,null,null,null
BBIOP2251-24_r_1.5_s_50_BBIOP2251-24,BBIOP2251-24,r_1.5_s_50_merge,>BBIOP2251-24_r_1.5_s_50_BBIOP2251-24_merge,1720622,WJR82112.1,genus:Amphimallon,,120,null,1533,0.0,43.0,3.58,1.0,null,null,null,null,null,null
BBIOP2233-24_r_1.5_s_50_BBIOP2233-24,BBIOP2233-24,r_1.5_s_50_merge,>BBIOP2233-24_r_1.5_s_50_BBIOP2233-24_merge,702309,AND96251.1,family:Scarabaeidae,,195,null,1548,0.0,19.0,6.23,6.0,null,null,null,null,null,null
BBIOP2249-24_r_1_s_50_BBIOP2249-24,BBIOP2249-24,r_1_s_50_merge,>BBIOP2249-24_r_1_s_50_BBIOP2249-24_merge,1720622,WJR82112.1,genus:Amphimallon,,369,null,1533,1.0,36.0,14.75,12.0,null,null,null,null,null,null
BBIOP2212-24_r_1_s_100_BBIOP2212-24,BBIOP2212-24,r_1_s_100_merge,>BBIOP2212-24_r_1_s_100_BBIOP2212-24_merge,2722830,YP_010631648.1,family:Glaphyridae,,255,null,1533,0.0,65.0,15.29,13.0,null,null,null,null,null,null
BBIOP2248-24_r_1.5_s_50_BBIOP2248-24,BBIOP2248-24,r_1.5_s_50_merge,>BBIOP2248-24_r_1.5_s_50_BBIOP2248-24_merge,1720622,WJR82112.1,genus:Amphimallon,,302,null,1533,0.0,31.0,10.68,10.0,null,null,null,null,null,null
BBIOP2238-24_r_1_s_100_BBIOP2238-24,BBIOP2238-24,r_1_s_100_merge,>BBIOP2238-24_r_1_s_100_BBIOP2238-24_merge,702309,AND96251.1,family:Scarabaeidae,,258,null,1548,0.0,93.0,23.05,12.0,null,null,null,null,null,null
BBIOP2213-24_r_1.3_s_50_BBIOP2213-24,BBIOP2213-24,r_1.3_s_50_merge,>BBIOP2213-24_r_1.3_s_50_BBIOP2213-24_merge,2722830,YP_010631648.1,family:Glaphyridae,,4600,null,1533,2.0,409.0,193.58,179.0,null,null,null,null,null,null
BBIOP2225-24_r_1.3_s_50_BBIOP2225-24,BBIOP2225-24,r_1.3_s_50_merge,>BBIOP2225-24_r_1.3_s_50_BBIOP2225-24_merge,702309,AND96251.1,family:Scarabaeidae,,1920,null,1548,0.0,134.0,94.34,100.0,null,null,null,null,null,null
BBIOP2240-24_r_1_s_100_BBIOP2240-24,BBIOP2240-24,r_1_s_100_merge,>BBIOP2240-24_r_1_s_100_BBIOP2240-24_merge,702309,AND96251.1,family:Scarabaeidae,,550,null,1548,0.0,93.0,29.15,24.0,null,null,null,null,null,null
BBIOP2187-24_r_1.3_s_100_BBIOP2187-24,BBIOP2187-24,r_1.3_s_100_merge,>BBIOP2187-24_r_1.3_s_100_BBIOP2187-24_merge,166368,XPK45401.1,genus:Gymnopleurus,,6563,null,1542,0.0,1138.0,392.76,290.0,null,null,null,null,null,null
BBIOP2235-24_r_1_s_50_BBIOP2235-24,BBIOP2235-24,r_1_s_50_merge,>BBIOP2235-24_r_1_s_50_BBIOP2235-24_merge,702309,AND96251.1,family:Scarabaeidae,,994,null,1548,0.0,80.0,40.78,40.0,null,null,null,null,null,null
BBIOP2269-24_r_1_s_100_BBIOP2269-24,BBIOP2269-24,r_1_s_100_merge,>BBIOP2269-24_r_1_s_100_BBIOP2269-24_merge,1720622,WJR82112.1,genus:Amphimallon,,677,null,1533,2.0,135.0,32.27,26.0,null,null,null,null,null,null
BBIOP2206-24_r_1_s_100_BBIOP2206-24,BBIOP2206-24,r_1_s_100_merge,>BBIOP2206-24_r_1_s_100_BBIOP2206-24_merge,166353,AND96251.1,genus:Onthophagus,,421,null,1548,0.0,111.0,32.78,28.0,null,null,null,null,null,null
BBIOP2187-24_r_1.5_s_100_BBIOP2187-24,BBIOP2187-24,r_1.5_s_100_merge,>BBIOP2187-24_r_1.5_s_100_BBIOP2187-24_merge,166368,XPK45401.1,genus:Gymnopleurus,,6499,null,1542,0.0,1134.0,388.1,283.0,null,null,null,null,null,null
BBIOP2214-24_r_1_s_50_BBIOP2214-24,BBIOP2214-24,r_1_s_50_merge,>BBIOP2214-24_r_1_s_50_BBIOP2214-24_merge,702309,AND96251.1,family:Scarabaeidae,,773,null,1548,0.0,94.0,30.09,26.0,null,null,null,null,null,null
BBIOP2270-24_r_1.3_s_50_BBIOP2270-24,BBIOP2270-24,r_1.3_s_50_merge,>BBIOP2270-24_r_1.3_s_50_BBIOP2270-24_merge,1720622,WJR82112.1,genus:Amphimallon,,1025,null,1533,0.0,189.0,35.46,24.0,null,null,null,null,null,null
BBIOP2237-24_r_1.3_s_50_BBIOP2237-24,BBIOP2237-24,r_1.3_s_50_merge,>BBIOP2237-24_r_1.3_s_50_BBIOP2237-24_merge,702309,AND96251.1,family:Scarabaeidae,,850,null,1548,0.0,66.0,28.1,26.0,null,null,null,null,null,null
BBIOP2197-24_r_1_s_100_BBIOP2197-24,BBIOP2197-24,r_1_s_100_merge,>BBIOP2197-24_r_1_s_100_BBIOP2197-24_merge,166365,AND96251.1,tribe:Onthophagini,,2565,null,1548,2.0,311.0,161.01,156.5,null,null,null,null,null,null
BBIOP2225-24_r_1.5_s_50_BBIOP2225-24,BBIOP2225-24,r_1.5_s_50_merge,>BBIOP2225-24_r_1.5_s_50_BBIOP2225-24_merge,702309,AND96251.1,family:Scarabaeidae,,1557,null,1548,0.0,132.0,77.09,87.0,null,null,null,null,null,null
BBIOP2242-24_r_1_s_50_BBIOP2242-24,BBIOP2242-24,r_1_s_50_merge,>BBIOP2242-24_r_1_s_50_BBIOP2242-24_merge,702309,AND96251.1,family:Scarabaeidae,,6296,null,1548,0.0,470.0,243.32,234.5,null,null,null,null,null,null
BBIOP2218-24_r_1.3_s_100_BBIOP2218-24,BBIOP2218-24,r_1.3_s_100_merge,>BBIOP2218-24_r_1.3_s_100_BBIOP2218-24_merge,702309,AND96251.1,family:Scarabaeidae,,234,null,1548,0.0,44.0,11.39,9.0,null,null,null,null,null,null
BBIOP2190-24_r_1.3_s_100_BBIOP2190-24,BBIOP2190-24,r_1.3_s_100_merge,>BBIOP2190-24_r_1.3_s_100_BBIOP2190-24_merge,166326,AND96368.1,species:Bubas bison,,45,null,1536,0.0,20.0,3.74,0.0,null,null,null,null,null,null
BBIOP2262-24_r_1.5_s_50_BBIOP2262-24,BBIOP2262-24,r_1.5_s_50_merge,>BBIOP2262-24_r_1.5_s_50_BBIOP2262-24_merge,1720622,WJR82112.1,genus:Amphimallon,,3014,null,1533,3.0,339.0,126.92,116.0,null,null,null,null,null,null
BBIOP2223-24_r_1.3_s_100_BBIOP2223-24,BBIOP2223-24,r_1.3_s_100_merge,>BBIOP2223-24_r_1.3_s_100_BBIOP2223-24_merge,702309,AND96251.1,family:Scarabaeidae,,148,null,1548,0.0,33.0,7.62,6.0,null,null,null,null,null,null
BBIOP2237-24_r_1.3_s_100_BBIOP2237-24,BBIOP2237-24,r_1.3_s_100_merge,>BBIOP2237-24_r_1.3_s_100_BBIOP2237-24_merge,702309,AND96251.1,family:Scarabaeidae,,198,null,1548,0.0,51.0,9.16,7.0,null,null,null,null,null,null
BBIOP2242-24_r_1.5_s_50_BBIOP2242-24,BBIOP2242-24,r_1.5_s_50_merge,>BBIOP2242-24_r_1.5_s_50_BBIOP2242-24_merge,702309,AND96251.1,family:Scarabaeidae,,4816,null,1548,0.0,453.0,183.07,192.0,null,null,null,null,null,null
BBIOP2255-24_r_1.3_s_50_BBIOP2255-24,BBIOP2255-24,r_1.3_s_50_merge,>BBIOP2255-24_r_1.3_s_50_BBIOP2255-24_merge,1720622,WJR82112.1,genus:Amphimallon,,1029,null,1533,5.0,121.0,35.65,30.0,null,null,null,null,null,null
BBIOP2252-24_r_1_s_50_BBIOP2252-24,BBIOP2252-24,r_1_s_50_merge,>BBIOP2252-24_r_1_s_50_BBIOP2252-24_merge,1720622,WJR82112.1,genus:Amphimallon,,2653,null,1533,36.0,251.0,96.01,89.0,null,null,null,null,null,null
BBIOP2270-24_r_1.3_s_100_BBIOP2270-24,BBIOP2270-24,r_1.3_s_100_merge,>BBIOP2270-24_r_1.3_s_100_BBIOP2270-24_merge,1720622,WJR82112.1,genus:Amphimallon,,196,null,1533,0.0,67.0,11.15,5.0,null,null,null,null,null,null
BBIOP2248-24_r_1_s_50_BBIOP2248-24,BBIOP2248-24,r_1_s_50_merge,>BBIOP2248-24_r_1_s_50_BBIOP2248-24_merge,1720622,WJR82112.1,genus:Amphimallon,,512,null,1533,0.0,52.0,21.49,20.0,null,null,null,null,null,null
BBIOP2223-24_r_1.5_s_100_BBIOP2223-24,BBIOP2223-24,r_1.5_s_100_merge,>BBIOP2223-24_r_1.5_s_100_BBIOP2223-24_merge,702309,AND96251.1,family:Scarabaeidae,,128,null,1548,0.0,32.0,6.07,5.0,null,null,null,null,null,null
BBIOP2207-24_r_1.5_s_100_BBIOP2207-24,BBIOP2207-24,r_1.5_s_100_merge,>BBIOP2207-24_r_1.5_s_100_BBIOP2207-24_merge,476056,AND96251.1,genus:Onthophagus,,159,null,1548,0.0,25.0,8.79,8.0,null,null,null,null,null,null
BBIOP2221-24_r_1.5_s_50_BBIOP2221-24,BBIOP2221-24,r_1.5_s_50_merge,>BBIOP2221-24_r_1.5_s_50_BBIOP2221-24_merge,702309,AND96251.1,family:Scarabaeidae,,816,null,1548,0.0,79.0,29.11,28.0,null,null,null,null,null,null
BBIOP2258-24_r_1_s_50_BBIOP2258-24,BBIOP2258-24,r_1_s_50_merge,>BBIOP2258-24_r_1_s_50_BBIOP2258-24_merge,1720622,WJR82112.1,genus:Amphimallon,,1659,null,1533,7.0,199.0,102.72,100.0,null,null,null,null,null,null
BBIOP2246-24_r_1.3_s_50_BBIOP2246-24,BBIOP2246-24,r_1.3_s_50_merge,>BBIOP2246-24_r_1.3_s_50_BBIOP2246-24_merge,1720622,WJR82112.1,genus:Amphimallon,,791,null,1533,13.0,74.0,35.5,31.0,null,null,null,null,null,null
BBIOP2272-24_r_1_s_50_BBIOP2272-24,BBIOP2272-24,r_1_s_50_merge,>BBIOP2272-24_r_1_s_50_BBIOP2272-24_merge,1971888,XCN33691.1,subfamily:Melolonthinae,,583,null,1539,0.0,142.0,27.68,17.0,null,null,null,null,null,null
BBIOP2223-24_r_1.5_s_50_BBIOP2223-24,BBIOP2223-24,r_1.5_s_50_merge,>BBIOP2223-24_r_1.5_s_50_BBIOP2223-24_merge,702309,AND96251.1,family:Scarabaeidae,,460,null,1548,0.0,58.0,16.43,14.0,null,null,null,null,null,null
BBIOP2187-24_r_1.5_s_50_BBIOP2187-24,BBIOP2187-24,r_1.5_s_50_merge,>BBIOP2187-24_r_1.5_s_50_BBIOP2187-24_merge,166368,XPK45401.1,genus:Gymnopleurus,,9749,null,1542,6.0,1581.0,486.79,328.5,null,null,null,null,null,null
BBIOP2202-24_r_1.5_s_100_BBIOP2202-24,BBIOP2202-24,r_1.5_s_100_merge,>BBIOP2202-24_r_1.5_s_100_BBIOP2202-24_merge,166350,AND96251.1,genus:Onthophagus,,191,null,1548,0.0,42.0,12.29,11.0,null,null,null,null,null,null
BBIOP2203-24_r_1.5_s_50_BBIOP2203-24,BBIOP2203-24,r_1.5_s_50_merge,>BBIOP2203-24_r_1.5_s_50_BBIOP2203-24_merge,1541080,AND96251.1,genus:Onthophagus,,120,null,1548,0.0,33.0,4.31,1.0,null,null,null,null,null,null
BBIOP2211-24_r_1_s_100_BBIOP2211-24,BBIOP2211-24,r_1_s_100_merge,>BBIOP2211-24_r_1_s_100_BBIOP2211-24_merge,2722828,YP_010631648.1,family:Glaphyridae,,226,null,1533,0.0,58.0,18.6,14.0,null,null,null,null,null,null
BBIOP2241-24_r_1.5_s_100_BBIOP2241-24,BBIOP2241-24,r_1.5_s_100_merge,>BBIOP2241-24_r_1.5_s_100_BBIOP2241-24_merge,702309,AND96251.1,family:Scarabaeidae,,37,null,1548,0.0,18.0,2.02,1.0,null,null,null,null,null,null
BBIOP2238-24_r_1_s_50_BBIOP2238-24,BBIOP2238-24,r_1_s_50_merge,>BBIOP2238-24_r_1_s_50_BBIOP2238-24_merge,702309,AND96251.1,family:Scarabaeidae,,761,null,1548,0.0,143.0,39.67,30.0,null,null,null,null,null,null
BBIOP2248-24_r_1.3_s_50_BBIOP2248-24,BBIOP2248-24,r_1.3_s_50_merge,>BBIOP2248-24_r_1.3_s_50_BBIOP2248-24_merge,1720622,WJR82112.1,genus:Amphimallon,,366,null,1533,0.0,40.0,12.67,12.0,null,null,null,null,null,null
BBIOP2220-24_r_1.5_s_100_BBIOP2220-24,BBIOP2220-24,r_1.5_s_100_merge,>BBIOP2220-24_r_1.5_s_100_BBIOP2220-24_merge,702309,AND96251.1,family:Scarabaeidae,,92,null,1548,0.0,15.0,4.63,4.0,null,null,null,null,null,null
BBIOP2279-24_r_1.5_s_50_BBIOP2279-24,BBIOP2279-24,r_1.5_s_50_merge,>BBIOP2279-24_r_1.5_s_50_BBIOP2279-24_merge,1971888,XCN33691.1,subfamily:Melolonthinae,,309,null,1539,0.0,38.0,12.25,10.0,null,null,null,null,null,null
BBIOP2215-24_r_1.5_s_100_BBIOP2215-24,BBIOP2215-24,r_1.5_s_100_merge,>BBIOP2215-24_r_1.5_s_100_BBIOP2215-24_merge,702309,AND96251.1,family:Scarabaeidae,,537,null,1548,0.0,123.0,25.95,22.0,null,null,null,null,null,null
BBIOP2220-24_r_1.5_s_50_BBIOP2220-24,BBIOP2220-24,r_1.5_s_50_merge,>BBIOP2220-24_r_1.5_s_50_BBIOP2220-24_merge,702309,AND96251.1,family:Scarabaeidae,,252,null,1548,0.0,23.0,9.33,9.0,null,null,null,null,null,null
BBIOP2237-24_r_1_s_100_BBIOP2237-24,BBIOP2237-24,r_1_s_100_merge,>BBIOP2237-24_r_1_s_100_BBIOP2237-24_merge,702309,AND96251.1,family:Scarabaeidae,,257,null,1548,0.0,67.0,13.59,10.0,null,null,null,null,null,null
BBIOP2198-24_r_1.3_s_50_BBIOP2198-24,BBIOP2198-24,r_1.3_s_50_merge,>BBIOP2198-24_r_1.3_s_50_BBIOP2198-24_merge,166365,AND96251.1,tribe:Onthophagini,,21206,null,1548,0.0,2139.0,1425.39,1393.0,null,null,null,null,null,null
BBIOP2209-24_r_1_s_100_BBIOP2209-24,BBIOP2209-24,r_1_s_100_merge,>BBIOP2209-24_r_1_s_100_BBIOP2209-24_merge,2722829,YP_010631648.1,family:Glaphyridae,,262,null,1533,0.0,59.0,20.85,14.0,null,null,null,null,null,null
BBIOP2201-24_r_1.3_s_50_BBIOP2201-24,BBIOP2201-24,r_1.3_s_50_merge,>BBIOP2201-24_r_1.3_s_50_BBIOP2201-24_merge,166350,AND96251.1,genus:Onthophagus,,5831,null,1548,0.0,2474.0,312.91,176.5,null,null,null,null,null,null
BBIOP2217-24_r_1_s_100_BBIOP2217-24,BBIOP2217-24,r_1_s_100_merge,>BBIOP2217-24_r_1_s_100_BBIOP2217-24_merge,702309,AND96251.1,family:Scarabaeidae,,269,null,1548,0.0,42.0,15.55,14.0,null,null,null,null,null,null
BBIOP2212-24_r_1.5_s_50_BBIOP2212-24,BBIOP2212-24,r_1.5_s_50_merge,>BBIOP2212-24_r_1.5_s_50_BBIOP2212-24_merge,2722830,YP_010631648.1,family:Glaphyridae,,508,null,1533,0.0,88.0,19.19,16.0,null,null,null,null,null,null
BBIOP2235-24_r_1.5_s_100_BBIOP2235-24,BBIOP2235-24,r_1.5_s_100_merge,>BBIOP2235-24_r_1.5_s_100_BBIOP2235-24_merge,702309,AND96251.1,family:Scarabaeidae,,282,null,1548,0.0,35.0,14.19,14.0,null,null,null,null,null,null
BBIOP2204-24_r_1.5_s_50_BBIOP2204-24,BBIOP2204-24,r_1.5_s_50_merge,>BBIOP2204-24_r_1.5_s_50_BBIOP2204-24_merge,1541080,AND96251.1,genus:Onthophagus,,19,null,1548,0.0,9.0,0.94,0.0,null,null,null,null,null,null
BBIOP2249-24_r_1.3_s_50_BBIOP2249-24,BBIOP2249-24,r_1.3_s_50_merge,>BBIOP2249-24_r_1.3_s_50_BBIOP2249-24_merge,1720622,WJR82112.1,genus:Amphimallon,,308,null,1533,1.0,27.0,11.04,9.0,null,null,null,null,null,null
BBIOP2201-24_r_1.3_s_100_BBIOP2201-24,BBIOP2201-24,r_1.3_s_100_merge,>BBIOP2201-24_r_1.3_s_100_BBIOP2201-24_merge,166350,AND96251.1,genus:Onthophagus,,3375,null,1548,0.0,1340.0,254.5,131.5,null,null,null,null,null,null
BBIOP2205-24_r_1.5_s_50_BBIOP2205-24,BBIOP2205-24,r_1.5_s_50_merge,>BBIOP2205-24_r_1.5_s_50_BBIOP2205-24_merge,166353,AND96251.1,genus:Onthophagus,,19,null,1548,0.0,15.0,0.47,0.0,null,null,null,null,null,null
BBIOP2211-24_r_1.5_s_50_BBIOP2211-24,BBIOP2211-24,r_1.5_s_50_merge,>BBIOP2211-24_r_1.5_s_50_BBIOP2211-24_merge,2722828,YP_010631648.1,family:Glaphyridae,,258,null,1533,0.0,50.0,9.21,7.0,null,null,null,null,null,null
BBIOP2257-24_r_1.3_s_100_BBIOP2257-24,BBIOP2257-24,r_1.3_s_100_merge,>BBIOP2257-24_r_1.3_s_100_BBIOP2257-24_merge,1720622,WJR82112.1,genus:Amphimallon,,179,null,1533,0.0,28.0,8.56,7.0,null,null,null,null,null,null
BBIOP2217-24_r_1.3_s_100_BBIOP2217-24,BBIOP2217-24,r_1.3_s_100_merge,>BBIOP2217-24_r_1.3_s_100_BBIOP2217-24_merge,702309,AND96251.1,family:Scarabaeidae,,224,null,1548,0.0,36.0,11.17,9.0,null,null,null,null,null,null
BBIOP2224-24_r_1.5_s_50_BBIOP2224-24,BBIOP2224-24,r_1.5_s_50_merge,>BBIOP2224-24_r_1.5_s_50_BBIOP2224-24_merge,702309,AND96251.1,family:Scarabaeidae,,515,null,1548,0.0,73.0,15.59,10.0,null,null,null,null,null,null
BBIOP2193-24_r_1.5_s_100_BBIOP2193-24,BBIOP2193-24,r_1.5_s_100_merge,>BBIOP2193-24_r_1.5_s_100_BBIOP2193-24_merge,166330,AND96329.1,genus:Onitis,,4640,null,1545,0.0,550.0,221.65,204.0,null,null,null,null,null,null
BBIOP2196-24_r_1_s_50_BBIOP2196-24,BBIOP2196-24,r_1_s_50_merge,>BBIOP2196-24_r_1_s_50_BBIOP2196-24_merge,166343,AND96617.1,genus:Euoniticellus,,9211,null,1542,6.0,1130.0,408.22,308.5,null,null,null,null,null,null
BBIOP2216-24_r_1.3_s_50_BBIOP2216-24,BBIOP2216-24,r_1.3_s_50_merge,>BBIOP2216-24_r_1.3_s_50_BBIOP2216-24_merge,702309,AND96251.1,family:Scarabaeidae,,317,null,1548,0.0,50.0,11.68,7.5,null,null,null,null,null,null
BBIOP2204-24_r_1.5_s_100_BBIOP2204-24,BBIOP2204-24,r_1.5_s_100_merge,>BBIOP2204-24_r_1.5_s_100_BBIOP2204-24_merge,1541080,AND96251.1,genus:Onthophagus,,8,null,1548,0.0,4.0,0.63,0.0,null,null,null,null,null,null
BBIOP2226-24_r_1_s_100_BBIOP2226-24,BBIOP2226-24,r_1_s_100_merge,>BBIOP2226-24_r_1_s_100_BBIOP2226-24_merge,702309,AND96251.1,family:Scarabaeidae,,277,null,1548,0.0,121.0,27.51,11.0,null,null,null,null,null,null
BBIOP2278-24_r_1_s_100_BBIOP2278-24,BBIOP2278-24,r_1_s_100_merge,>BBIOP2278-24_r_1_s_100_BBIOP2278-24_merge,1971888,XCN33691.1,subfamily:Melolonthinae,,560,null,1539,4.0,68.0,29.85,27.0,null,null,null,null,null,null
BBIOP2221-24_r_1_s_100_BBIOP2221-24,BBIOP2221-24,r_1_s_100_merge,>BBIOP2221-24_r_1_s_100_BBIOP2221-24_merge,702309,AND96251.1,family:Scarabaeidae,,352,null,1548,0.0,56.0,18.81,17.0,null,null,null,null,null,null
BBIOP2237-24_r_1.5_s_100_BBIOP2237-24,BBIOP2237-24,r_1.5_s_100_merge,>BBIOP2237-24_r_1.5_s_100_BBIOP2237-24_merge,702309,AND96251.1,family:Scarabaeidae,,181,null,1548,0.0,48.0,8.01,6.0,null,null,null,null,null,null
BBIOP2241-24_r_1_s_100_BBIOP2241-24,BBIOP2241-24,r_1_s_100_merge,>BBIOP2241-24_r_1_s_100_BBIOP2241-24_merge,702309,AND96251.1,family:Scarabaeidae,,236,null,1548,0.0,70.0,21.73,21.0,null,null,null,null,null,null
BBIOP2246-24_r_1.3_s_100_BBIOP2246-24,BBIOP2246-24,r_1.3_s_100_merge,>BBIOP2246-24_r_1.3_s_100_BBIOP2246-24_merge,1720622,WJR82112.1,genus:Amphimallon,,437,null,1533,7.0,62.0,24.5,22.0,null,null,null,null,null,null
BBIOP2271-24_r_1.5_s_100_BBIOP2271-24,BBIOP2271-24,r_1.5_s_100_merge,>BBIOP2271-24_r_1.5_s_100_BBIOP2271-24_merge,1720622,WJR82112.1,genus:Amphimallon,,527,null,1533,0.0,76.0,25.38,20.0,null,null,null,null,null,null
BBIOP2209-24_r_1.5_s_100_BBIOP2209-24,BBIOP2209-24,r_1.5_s_100_merge,>BBIOP2209-24_r_1.5_s_100_BBIOP2209-24_merge,2722829,YP_010631648.1,family:Glaphyridae,,93,null,1533,0.0,18.0,4.69,3.0,null,null,null,null,null,null
BBIOP2188-24_r_1.3_s_50_BBIOP2188-24,BBIOP2188-24,r_1.3_s_50_merge,>BBIOP2188-24_r_1.3_s_50_BBIOP2188-24_merge,166368,XPK45401.1,genus:Gymnopleurus,,457,null,1542,0.0,78.0,16.56,14.0,null,null,null,null,null,null
BBIOP2270-24_r_1_s_100_BBIOP2270-24,BBIOP2270-24,r_1_s_100_merge,>BBIOP2270-24_r_1_s_100_BBIOP2270-24_merge,1720622,WJR82112.1,genus:Amphimallon,,447,null,1533,0.0,125.0,37.07,28.0,null,null,null,null,null,null
BBIOP2209-24_r_1.5_s_50_BBIOP2209-24,BBIOP2209-24,r_1.5_s_50_merge,>BBIOP2209-24_r_1.5_s_50_BBIOP2209-24_merge,2722829,YP_010631648.1,family:Glaphyridae,,205,null,1533,0.0,28.0,7.99,7.0,null,null,null,null,null,null
BBIOP2261-24_r_1.5_s_50_BBIOP2261-24,BBIOP2261-24,r_1.5_s_50_merge,>BBIOP2261-24_r_1.5_s_50_BBIOP2261-24_merge,1720622,WJR82112.1,genus:Amphimallon,,1481,null,1533,0.0,180.0,51.44,42.0,null,null,null,null,null,null
BBIOP2280-24_r_1_s_100_BBIOP2280-24,BBIOP2280-24,r_1_s_100_merge,>BBIOP2280-24_r_1_s_100_BBIOP2280-24_merge,1971888,XCN33691.1,subfamily:Melolonthinae,,620,null,1539,0.0,73.0,29.89,27.0,null,null,null,null,null,null
BBIOP2251-24_r_1.3_s_100_BBIOP2251-24,BBIOP2251-24,r_1.3_s_100_merge,>BBIOP2251-24_r_1.3_s_100_BBIOP2251-24_merge,1720622,WJR82112.1,genus:Amphimallon,,48,null,1533,0.0,28.0,4.79,0.0,null,null,null,null,null,null
BBIOP2253-24_r_1_s_100_BBIOP2253-24,BBIOP2253-24,r_1_s_100_merge,>BBIOP2253-24_r_1_s_100_BBIOP2253-24_merge,1720622,WJR82112.1,genus:Amphimallon,,223,null,1533,0.0,79.0,20.6,10.0,null,null,null,null,null,null
BBIOP2259-24_r_1_s_50_BBIOP2259-24,BBIOP2259-24,r_1_s_50_merge,>BBIOP2259-24_r_1_s_50_BBIOP2259-24_merge,1720622,WJR82112.1,genus:Amphimallon,,496,null,1533,0.0,111.0,33.67,25.0,null,null,null,null,null,null
BBIOP2225-24_r_1_s_50_BBIOP2225-24,BBIOP2225-24,r_1_s_50_merge,>BBIOP2225-24_r_1_s_50_BBIOP2225-24_merge,702309,AND96251.1,family:Scarabaeidae,,2203,null,1548,0.0,164.0,110.33,113.0,null,null,null,null,null,null
BBIOP2247-24_r_1.5_s_100_BBIOP2247-24,BBIOP2247-24,r_1.5_s_100_merge,>BBIOP2247-24_r_1.5_s_100_BBIOP2247-24_merge,1720622,WJR82112.1,genus:Amphimallon,,5361,null,1533,161.0,673.0,354.76,347.0,null,null,null,null,null,null
BBIOP2248-24_r_1.3_s_100_BBIOP2248-24,BBIOP2248-24,r_1.3_s_100_merge,>BBIOP2248-24_r_1.3_s_100_BBIOP2248-24_merge,1720622,WJR82112.1,genus:Amphimallon,,101,null,1533,0.0,16.0,4.79,4.0,null,null,null,null,null,null
BBIOP2221-24_r_1_s_50_BBIOP2221-24,BBIOP2221-24,r_1_s_50_merge,>BBIOP2221-24_r_1_s_50_BBIOP2221-24_merge,702309,AND96251.1,family:Scarabaeidae,,1109,null,1548,0.0,86.0,41.35,40.0,null,null,null,null,null,null
BBIOP2260-24_r_1.5_s_100_BBIOP2260-24,BBIOP2260-24,r_1.5_s_100_merge,>BBIOP2260-24_r_1.5_s_100_BBIOP2260-24_merge,1720622,WJR82112.1,genus:Amphimallon,,36,null,1533,0.0,10.0,1.72,1.0,null,null,null,null,null,null
BBIOP2200-24_r_1_s_50_BBIOP2200-24,BBIOP2200-24,r_1_s_50_merge,>BBIOP2200-24_r_1_s_50_BBIOP2200-24_merge,166332,AND96251.1,genus:Onthophagus,,1243,null,1548,7.0,194.0,65.96,48.5,null,null,null,null,null,null
BBIOP2196-24_r_1.3_s_100_BBIOP2196-24,BBIOP2196-24,r_1.3_s_100_merge,>BBIOP2196-24_r_1.3_s_100_BBIOP2196-24_merge,166343,AND96617.1,genus:Euoniticellus,,5377,null,1542,0.0,788.0,283.19,209.0,null,null,null,null,null,null
BBIOP2244-24_r_1_s_100_BBIOP2244-24,BBIOP2244-24,r_1_s_100_merge,>BBIOP2244-24_r_1_s_100_BBIOP2244-24_merge,702309,AND96251.1,family:Scarabaeidae,,147,null,1548,0.0,28.0,7.62,7.0,null,null,null,null,null,null
BBIOP2220-24_r_1.3_s_100_BBIOP2220-24,BBIOP2220-24,r_1.3_s_100_merge,>BBIOP2220-24_r_1.3_s_100_BBIOP2220-24_merge,702309,AND96251.1,family:Scarabaeidae,,105,null,1548,0.0,17.0,5.53,5.0,null,null,null,null,null,null
BBIOP2206-24_r_1.5_s_100_BBIOP2206-24,BBIOP2206-24,r_1.5_s_100_merge,>BBIOP2206-24_r_1.5_s_100_BBIOP2206-24_merge,166353,AND96251.1,genus:Onthophagus,,119,null,1548,0.0,29.0,6.71,5.0,null,null,null,null,null,null
BBIOP2268-24_r_1_s_50_BBIOP2268-24,BBIOP2268-24,r_1_s_50_merge,>BBIOP2268-24_r_1_s_50_BBIOP2268-24_merge,1720622,WJR82112.1,genus:Amphimallon,,201425,null,1533,3893.0,13239.0,7900.14,7735.0,null,null,null,null,null,null
BBIOP2228-24_r_1_s_100_BBIOP2228-24,BBIOP2228-24,r_1_s_100_merge,>BBIOP2228-24_r_1_s_100_BBIOP2228-24_merge,702309,AND96251.1,family:Scarabaeidae,,227,null,1548,0.0,97.0,24.75,11.0,null,null,null,null,null,null
BBIOP2257-24_r_1.5_s_100_BBIOP2257-24,BBIOP2257-24,r_1.5_s_100_merge,>BBIOP2257-24_r_1.5_s_100_BBIOP2257-24_merge,1720622,WJR82112.1,genus:Amphimallon,,173,null,1533,0.0,28.0,8.17,7.0,null,null,null,null,null,null
BBIOP2250-24_r_1_s_50_BBIOP2250-24,BBIOP2250-24,r_1_s_50_merge,>BBIOP2250-24_r_1_s_50_BBIOP2250-24_merge,1720622,WJR82112.1,genus:Amphimallon,,300,null,1533,0.0,48.0,13.39,11.0,null,null,null,null,null,null
BBIOP2232-24_r_1.3_s_50_BBIOP2232-24,BBIOP2232-24,r_1.3_s_50_merge,>BBIOP2232-24_r_1.3_s_50_BBIOP2232-24_merge,702309,AND96251.1,family:Scarabaeidae,,726,null,1548,0.0,64.0,35.07,34.0,null,null,null,null,null,null
BBIOP2194-24_r_1.5_s_100_BBIOP2194-24,BBIOP2194-24,r_1.5_s_100_merge,>BBIOP2194-24_r_1.5_s_100_BBIOP2194-24_merge,166346,AND96329.1,genus:Onitis,,1149,null,1545,0.0,232.0,60.17,52.0,null,null,null,null,null,null
BBIOP2252-24_r_1.5_s_100_BBIOP2252-24,BBIOP2252-24,r_1.5_s_100_merge,>BBIOP2252-24_r_1.5_s_100_BBIOP2252-24_merge,1720622,WJR82112.1,genus:Amphimallon,,757,null,1533,1.0,156.0,36.06,29.0,null,null,null,null,null,null
BBIOP2254-24_r_1.5_s_50_BBIOP2254-24,BBIOP2254-24,r_1.5_s_50_merge,>BBIOP2254-24_r_1.5_s_50_BBIOP2254-24_merge,1720622,WJR82112.1,genus:Amphimallon,,425,null,1533,0.0,91.0,14.63,12.0,null,null,null,null,null,null
BBIOP2211-24_r_1.3_s_100_BBIOP2211-24,BBIOP2211-24,r_1.3_s_100_merge,>BBIOP2211-24_r_1.3_s_100_BBIOP2211-24_merge,2722828,YP_010631648.1,family:Glaphyridae,,96,null,1533,0.0,21.0,4.87,4.0,null,null,null,null,null,null
BBIOP2265-24_r_1.5_s_50_BBIOP2265-24,BBIOP2265-24,r_1.5_s_50_merge,>BBIOP2265-24_r_1.5_s_50_BBIOP2265-24_merge,1720622,WJR82112.1,genus:Amphimallon,,1479,null,1533,2.0,118.0,51.48,51.0,null,null,null,null,null,null
BBIOP2240-24_r_1.5_s_50_BBIOP2240-24,BBIOP2240-24,r_1.5_s_50_merge,>BBIOP2240-24_r_1.5_s_50_BBIOP2240-24_merge,702309,AND96251.1,family:Scarabaeidae,,1189,null,1548,0.0,146.0,44.13,42.0,null,null,null,null,null,null
BBIOP2218-24_r_1.5_s_50_BBIOP2218-24,BBIOP2218-24,r_1.5_s_50_merge,>BBIOP2218-24_r_1.5_s_50_BBIOP2218-24_merge,702309,AND96251.1,family:Scarabaeidae,,643,null,1548,0.0,87.0,22.1,19.0,null,null,null,null,null,null
BBIOP2228-24_r_1_s_50_BBIOP2228-24,BBIOP2228-24,r_1_s_50_merge,>BBIOP2228-24_r_1_s_50_BBIOP2228-24_merge,702309,AND96251.1,family:Scarabaeidae,,445,null,1548,0.0,135.0,31.29,23.0,null,null,null,null,null,null
BBIOP2267-24_r_1.5_s_100_BBIOP2267-24,BBIOP2267-24,r_1.5_s_100_merge,>BBIOP2267-24_r_1.5_s_100_BBIOP2267-24_merge,1720622,WJR82112.1,genus:Amphimallon,,1001,null,1533,0.0,146.0,45.62,39.0,null,null,null,null,null,null
BBIOP2250-24_r_1.3_s_100_BBIOP2250-24,BBIOP2250-24,r_1.3_s_100_merge,>BBIOP2250-24_r_1.3_s_100_BBIOP2250-24_merge,1720622,WJR82112.1,genus:Amphimallon,,52,null,1533,0.0,20.0,2.77,1.0,null,null,null,null,null,null
BBIOP2198-24_r_1.5_s_50_BBIOP2198-24,BBIOP2198-24,r_1.5_s_50_merge,>BBIOP2198-24_r_1.5_s_50_BBIOP2198-24_merge,166365,AND96251.1,tribe:Onthophagini,,20316,null,1548,0.0,2128.0,1375.93,1350.5,null,null,null,null,null,null
BBIOP2271-24_r_1.5_s_50_BBIOP2271-24,BBIOP2271-24,r_1.5_s_50_merge,>BBIOP2271-24_r_1.5_s_50_BBIOP2271-24_merge,1720622,WJR82112.1,genus:Amphimallon,,1899,null,1533,6.0,206.0,65.64,56.0,null,null,null,null,null,null
BBIOP2227-24_r_1_s_100_BBIOP2227-24,BBIOP2227-24,r_1_s_100_merge,>BBIOP2227-24_r_1_s_100_BBIOP2227-24_merge,702309,AND96251.1,family:Scarabaeidae,,219,null,1548,0.0,80.0,20.52,14.0,null,null,null,null,null,null
BBIOP2269-24_r_1_s_50_BBIOP2269-24,BBIOP2269-24,r_1_s_50_merge,>BBIOP2269-24_r_1_s_50_BBIOP2269-24_merge,1720622,WJR82112.1,genus:Amphimallon,,2909,null,1533,30.0,359.0,97.38,84.0,null,null,null,null,null,null
BBIOP2233-24_r_1.5_s_100_BBIOP2233-24,BBIOP2233-24,r_1.5_s_100_merge,>BBIOP2233-24_r_1.5_s_100_BBIOP2233-24_merge,702309,AND96251.1,family:Scarabaeidae,,30,null,1548,0.0,8.0,1.43,1.0,null,null,null,null,null,null
BBIOP2221-24_r_1.3_s_100_BBIOP2221-24,BBIOP2221-24,r_1.3_s_100_merge,>BBIOP2221-24_r_1.3_s_100_BBIOP2221-24_merge,702309,AND96251.1,family:Scarabaeidae,,320,null,1548,0.0,53.0,15.81,13.5,null,null,null,null,null,null
BBIOP2187-24_r_1_s_100_BBIOP2187-24,BBIOP2187-24,r_1_s_100_merge,>BBIOP2187-24_r_1_s_100_BBIOP2187-24_merge,166368,XPK45401.1,genus:Gymnopleurus,,6634,null,1542,0.0,1148.0,399.5,298.0,null,null,null,null,null,null
BBIOP2267-24_r_1.3_s_100_BBIOP2267-24,BBIOP2267-24,r_1.3_s_100_merge,>BBIOP2267-24_r_1.3_s_100_BBIOP2267-24_merge,1720622,WJR82112.1,genus:Amphimallon,,1062,null,1533,0.0,159.0,51.19,44.0,null,null,null,null,null,null
BBIOP2261-24_r_1.3_s_50_BBIOP2261-24,BBIOP2261-24,r_1.3_s_50_merge,>BBIOP2261-24_r_1.3_s_50_BBIOP2261-24_merge,1720622,WJR82112.1,genus:Amphimallon,,1734,null,1533,9.0,184.0,61.82,53.0,null,null,null,null,null,null
BBIOP2280-24_r_1.3_s_100_BBIOP2280-24,BBIOP2280-24,r_1.3_s_100_merge,>BBIOP2280-24_r_1.3_s_100_BBIOP2280-24_merge,1971888,XCN33691.1,subfamily:Melolonthinae,,597,null,1539,0.0,73.0,28.31,26.0,null,null,null,null,null,null
BBIOP2255-24_r_1_s_50_BBIOP2255-24,BBIOP2255-24,r_1_s_50_merge,>BBIOP2255-24_r_1_s_50_BBIOP2255-24_merge,1720622,WJR82112.1,genus:Amphimallon,,1232,null,1533,5.0,159.0,51.32,44.0,null,null,null,null,null,null
BBIOP2245-24_r_1.5_s_50_BBIOP2245-24,BBIOP2245-24,r_1.5_s_50_merge,>BBIOP2245-24_r_1.5_s_50_BBIOP2245-24_merge,1720622,WJR82112.1,genus:Amphimallon,,983,null,1533,1.0,118.0,46.8,44.0,null,null,null,null,null,null
BBIOP2203-24_r_1.3_s_50_BBIOP2203-24,BBIOP2203-24,r_1.3_s_50_merge,>BBIOP2203-24_r_1.3_s_50_BBIOP2203-24_merge,1541080,AND96251.1,genus:Onthophagus,,186,null,1548,0.0,57.0,6.69,2.0,null,null,null,null,null,null
BBIOP2223-24_r_1.3_s_50_BBIOP2223-24,BBIOP2223-24,r_1.3_s_50_merge,>BBIOP2223-24_r_1.3_s_50_BBIOP2223-24_merge,702309,AND96251.1,family:Scarabaeidae,,604,null,1548,0.0,58.0,21.73,19.0,null,null,null,null,null,null
BBIOP2260-24_r_1_s_50_BBIOP2260-24,BBIOP2260-24,r_1_s_50_merge,>BBIOP2260-24_r_1_s_50_BBIOP2260-24_merge,1720622,WJR82112.1,genus:Amphimallon,,579,null,1533,1.0,112.0,27.59,22.0,null,null,null,null,null,null
BBIOP2278-24_r_1_s_50_BBIOP2278-24,BBIOP2278-24,r_1_s_50_merge,>BBIOP2278-24_r_1_s_50_BBIOP2278-24_merge,1971888,XCN33691.1,subfamily:Melolonthinae,,1417,null,1539,19.0,134.0,56.07,50.0,null,null,null,null,null,null
BBIOP2274-24_r_1_s_100_BBIOP2274-24,BBIOP2274-24,r_1_s_100_merge,>BBIOP2274-24_r_1_s_100_BBIOP2274-24_merge,1971888,XCN33691.1,subfamily:Melolonthinae,,215,null,1539,0.0,33.0,13.98,14.0,null,null,null,null,null,null
BBIOP2246-24_r_1.5_s_100_BBIOP2246-24,BBIOP2246-24,r_1.5_s_100_merge,>BBIOP2246-24_r_1.5_s_100_BBIOP2246-24_merge,1720622,WJR82112.1,genus:Amphimallon,,404,null,1533,2.0,62.0,22.49,21.0,null,null,null,null,null,null
BBIOP2226-24_r_1.3_s_50_BBIOP2226-24,BBIOP2226-24,r_1.3_s_50_merge,>BBIOP2226-24_r_1.3_s_50_BBIOP2226-24_merge,702309,AND96251.1,family:Scarabaeidae,,110,null,1548,0.0,40.0,4.43,1.0,null,null,null,null,null,null
BBIOP2272-24_r_1.5_s_100_BBIOP2272-24,BBIOP2272-24,r_1.5_s_100_merge,>BBIOP2272-24_r_1.5_s_100_BBIOP2272-24_merge,1971888,XCN33691.1,subfamily:Melolonthinae,,28,null,1539,0.0,23.0,1.82,0.0,null,null,null,null,null,null
BBIOP2232-24_r_1.3_s_100_BBIOP2232-24,BBIOP2232-24,r_1.3_s_100_merge,>BBIOP2232-24_r_1.3_s_100_BBIOP2232-24_merge,702309,AND96251.1,family:Scarabaeidae,,412,null,1548,0.0,46.0,25.27,26.0,null,null,null,null,null,null
BBIOP2234-24_r_1.5_s_50_BBIOP2234-24,BBIOP2234-24,r_1.5_s_50_merge,>BBIOP2234-24_r_1.5_s_50_BBIOP2234-24_merge,702309,AND96251.1,family:Scarabaeidae,,7,null,1548,0.0,4.0,0.22,0.0,null,null,null,null,null,null
BBIOP2262-24_r_1_s_50_BBIOP2262-24,BBIOP2262-24,r_1_s_50_merge,>BBIOP2262-24_r_1_s_50_BBIOP2262-24_merge,1720622,WJR82112.1,genus:Amphimallon,,3825,null,1533,62.0,351.0,160.43,148.0,null,null,null,null,null,null
BBIOP2240-24_r_1_s_50_BBIOP2240-24,BBIOP2240-24,r_1_s_50_merge,>BBIOP2240-24_r_1_s_50_BBIOP2240-24_merge,702309,AND96251.1,family:Scarabaeidae,,1775,null,1548,0.0,155.0,66.66,62.0,null,null,null,null,null,null
BBIOP2197-24_r_1.5_s_50_BBIOP2197-24,BBIOP2197-24,r_1.5_s_50_merge,>BBIOP2197-24_r_1.5_s_50_BBIOP2197-24_merge,166365,AND96251.1,tribe:Onthophagini,,3155,null,1548,3.0,350.0,174.35,168.0,null,null,null,null,null,null
BBIOP2193-24_r_1.3_s_100_BBIOP2193-24,BBIOP2193-24,r_1.3_s_100_merge,>BBIOP2193-24_r_1.3_s_100_BBIOP2193-24_merge,166330,AND96329.1,genus:Onitis,,4878,null,1545,0.0,558.0,235.04,217.0,null,null,null,null,null,null
BBIOP2195-24_r_1.3_s_100_BBIOP2195-24,BBIOP2195-24,r_1.3_s_100_merge,>BBIOP2195-24_r_1.3_s_100_BBIOP2195-24_merge,166346,AND96329.1,genus:Onitis,,801,null,1545,0.0,139.0,39.87,36.0,null,null,null,null,null,null
BBIOP2190-24_r_1.5_s_50_BBIOP2190-24,BBIOP2190-24,r_1.5_s_50_merge,>BBIOP2190-24_r_1.5_s_50_BBIOP2190-24_merge,166326,AND96368.1,species:Bubas bison,,50,null,1536,0.0,23.0,2.46,0.0,null,null,null,null,null,null
BBIOP2230-24_r_1_s_100_BBIOP2230-24,BBIOP2230-24,r_1_s_100_merge,>BBIOP2230-24_r_1_s_100_BBIOP2230-24_merge,702309,AND96251.1,family:Scarabaeidae,,98,null,1548,0.0,22.0,6.12,5.0,null,null,null,null,null,null
BBIOP2213-24_r_1_s_50_BBIOP2213-24,BBIOP2213-24,r_1_s_50_merge,>BBIOP2213-24_r_1_s_50_BBIOP2213-24_merge,2722830,YP_010631648.1,family:Glaphyridae,,5159,null,1533,5.0,422.0,219.98,202.0,null,null,null,null,null,null
BBIOP2196-24_r_1_s_100_BBIOP2196-24,BBIOP2196-24,r_1_s_100_merge,>BBIOP2196-24_r_1_s_100_BBIOP2196-24_merge,166343,AND96617.1,genus:Euoniticellus,,5443,null,1542,3.0,794.0,289.3,217.0,null,null,null,null,null,null
BBIOP2224-24_r_1_s_50_BBIOP2224-24,BBIOP2224-24,r_1_s_50_merge,>BBIOP2224-24_r_1_s_50_BBIOP2224-24_merge,702309,AND96251.1,family:Scarabaeidae,,822,null,1548,0.0,87.0,32.72,31.0,null,null,null,null,null,null
BBIOP2191-24_r_1.3_s_100_BBIOP2191-24,BBIOP2191-24,r_1.3_s_100_merge,>BBIOP2191-24_r_1.3_s_100_BBIOP2191-24_merge,166340,AND96355.1,species:Bubas bubalus,,2589,null,1536,61.0,385.0,178.07,152.0,null,null,null,null,null,null
BBIOP2271-24_r_1_s_50_BBIOP2271-24,BBIOP2271-24,r_1_s_50_merge,>BBIOP2271-24_r_1_s_50_BBIOP2271-24_merge,1720622,WJR82112.1,genus:Amphimallon,,2886,null,1533,20.0,246.0,115.49,108.0,null,null,null,null,null,null
BBIOP2261-24_r_1_s_100_BBIOP2261-24,BBIOP2261-24,r_1_s_100_merge,>BBIOP2261-24_r_1_s_100_BBIOP2261-24_merge,1720622,WJR82112.1,genus:Amphimallon,,824,null,1533,1.0,161.0,57.62,53.0,null,null,null,null,null,null
BBIOP2223-24_r_1_s_50_BBIOP2223-24,BBIOP2223-24,r_1_s_50_merge,>BBIOP2223-24_r_1_s_50_BBIOP2223-24_merge,702309,AND96251.1,family:Scarabaeidae,,765,null,1548,0.0,60.0,31.44,33.0,null,null,null,null,null,null
BBIOP2258-24_r_1.5_s_50_BBIOP2258-24,BBIOP2258-24,r_1.5_s_50_merge,>BBIOP2258-24_r_1.5_s_50_BBIOP2258-24_merge,1720622,WJR82112.1,genus:Amphimallon,,753,null,1533,2.0,107.0,46.41,51.0,null,null,null,null,null,null
BBIOP2253-24_r_1.5_s_100_BBIOP2253-24,BBIOP2253-24,r_1.5_s_100_merge,>BBIOP2253-24_r_1.5_s_100_BBIOP2253-24_merge,1720622,WJR82112.1,genus:Amphimallon,,46,null,1533,0.0,11.0,2.44,2.0,null,null,null,null,null,null
BBIOP2197-24_r_1.3_s_100_BBIOP2197-24,BBIOP2197-24,r_1.3_s_100_merge,>BBIOP2197-24_r_1.3_s_100_BBIOP2197-24_merge,166365,AND96251.1,tribe:Onthophagini,,2539,null,1548,2.0,305.0,158.51,153.5,null,null,null,null,null,null
BBIOP2242-24_r_1.5_s_100_BBIOP2242-24,BBIOP2242-24,r_1.5_s_100_merge,>BBIOP2242-24_r_1.5_s_100_BBIOP2242-24_merge,702309,AND96251.1,family:Scarabaeidae,,1932,null,1548,0.0,261.0,96.42,97.0,null,null,null,null,null,null
BBIOP2214-24_r_1.5_s_100_BBIOP2214-24,BBIOP2214-24,r_1.5_s_100_merge,>BBIOP2214-24_r_1.5_s_100_BBIOP2214-24_merge,702309,AND96251.1,family:Scarabaeidae,,82,null,1548,0.0,34.0,3.73,1.5,null,null,null,null,null,null
BBIOP2190-24_r_1.5_s_100_BBIOP2190-24,BBIOP2190-24,r_1.5_s_100_merge,>BBIOP2190-24_r_1.5_s_100_BBIOP2190-24_merge,166326,AND96368.1,species:Bubas bison,,20,null,1536,0.0,9.0,1.59,0.0,null,null,null,null,null,null
BBIOP2277-24_r_1.5_s_100_BBIOP2277-24,BBIOP2277-24,r_1.5_s_100_merge,>BBIOP2277-24_r_1.5_s_100_BBIOP2277-24_merge,1971888,XCN33691.1,subfamily:Melolonthinae,,25,null,1539,0.0,17.0,1.21,0.0,null,null,null,null,null,null
BBIOP2235-24_r_1_s_100_BBIOP2235-24,BBIOP2235-24,r_1_s_100_merge,>BBIOP2235-24_r_1_s_100_BBIOP2235-24_merge,702309,AND96251.1,family:Scarabaeidae,,369,null,1548,0.0,39.0,21.19,22.0,null,null,null,null,null,null
BBIOP2245-24_r_1.5_s_100_BBIOP2245-24,BBIOP2245-24,r_1.5_s_100_merge,>BBIOP2245-24_r_1.5_s_100_BBIOP2245-24_merge,1720622,WJR82112.1,genus:Amphimallon,,613,null,1533,1.0,100.0,35.68,33.0,null,null,null,null,null,null
BBIOP2229-24_r_1.3_s_100_BBIOP2229-24,BBIOP2229-24,r_1.3_s_100_merge,>BBIOP2229-24_r_1.3_s_100_BBIOP2229-24_merge,702309,AND96251.1,family:Scarabaeidae,,66,null,1548,0.0,9.0,3.12,3.0,null,null,null,null,null,null
BBIOP2256-24_r_1.5_s_50_BBIOP2256-24,BBIOP2256-24,r_1.5_s_50_merge,>BBIOP2256-24_r_1.5_s_50_BBIOP2256-24_merge,1720622,WJR82112.1,genus:Amphimallon,,78,null,1533,0.0,13.0,2.68,2.0,null,null,null,null,null,null
BBIOP2268-24_r_1.5_s_50_BBIOP2268-24,BBIOP2268-24,r_1.5_s_50_merge,>BBIOP2268-24_r_1.5_s_50_BBIOP2268-24_merge,1720622,WJR82112.1,genus:Amphimallon,,184221,null,1533,264.0,13130.0,7189.28,7095.0,null,null,null,null,null,null
BBIOP2278-24_r_1.5_s_50_BBIOP2278-24,BBIOP2278-24,r_1.5_s_50_merge,>BBIOP2278-24_r_1.5_s_50_BBIOP2278-24_merge,1971888,XCN33691.1,subfamily:Melolonthinae,,1134,null,1539,19.0,93.0,45.18,43.0,null,null,null,null,null,null
BBIOP2199-24_r_1.5_s_50_BBIOP2199-24,BBIOP2199-24,r_1.5_s_50_merge,>BBIOP2199-24_r_1.5_s_50_BBIOP2199-24_merge,166332,AND96251.1,genus:Onthophagus,,2131,null,1548,0.0,318.0,146.86,120.0,null,null,null,null,null,null
BBIOP2204-24_r_1_s_50_BBIOP2204-24,BBIOP2204-24,r_1_s_50_merge,>BBIOP2204-24_r_1_s_50_BBIOP2204-24_merge,1541080,AND96251.1,genus:Onthophagus,,147,null,1548,0.0,29.0,9.49,8.0,null,null,null,null,null,null
BBIOP2195-24_r_1.5_s_50_BBIOP2195-24,BBIOP2195-24,r_1.5_s_50_merge,>BBIOP2195-24_r_1.5_s_50_BBIOP2195-24_merge,166346,AND96329.1,genus:Onitis,,1930,null,1545,0.0,173.0,69.39,70.0,null,null,null,null,null,null
BBIOP2248-24_r_1.5_s_100_BBIOP2248-24,BBIOP2248-24,r_1.5_s_100_merge,>BBIOP2248-24_r_1.5_s_100_BBIOP2248-24_merge,1720622,WJR82112.1,genus:Amphimallon,,97,null,1533,0.0,16.0,4.57,3.0,null,null,null,null,null,null
BBIOP2233-24_r_1_s_100_BBIOP2233-24,BBIOP2233-24,r_1_s_100_merge,>BBIOP2233-24_r_1_s_100_BBIOP2233-24_merge,702309,AND96251.1,family:Scarabaeidae,,44,null,1548,0.0,15.0,2.37,1.0,null,null,null,null,null,null
BBIOP2217-24_r_1.5_s_50_BBIOP2217-24,BBIOP2217-24,r_1.5_s_50_merge,>BBIOP2217-24_r_1.5_s_50_BBIOP2217-24_merge,702309,AND96251.1,family:Scarabaeidae,,487,null,1548,0.0,52.0,18.18,18.0,null,null,null,null,null,null
BBIOP2244-24_r_1.3_s_50_BBIOP2244-24,BBIOP2244-24,r_1.3_s_50_merge,>BBIOP2244-24_r_1.3_s_50_BBIOP2244-24_merge,702309,AND96251.1,family:Scarabaeidae,,458,null,1548,0.0,46.0,16.28,16.0,null,null,null,null,null,null
BBIOP2280-24_r_1.5_s_100_BBIOP2280-24,BBIOP2280-24,r_1.5_s_100_merge,>BBIOP2280-24_r_1.5_s_100_BBIOP2280-24_merge,1971888,XCN33691.1,subfamily:Melolonthinae,,575,null,1539,0.0,67.0,26.87,26.0,null,null,null,null,null,null
BBIOP2231-24_r_1_s_100_BBIOP2231-24,BBIOP2231-24,r_1_s_100_merge,>BBIOP2231-24_r_1_s_100_BBIOP2231-24_merge,702309,AND96251.1,family:Scarabaeidae,,555,null,1548,0.0,80.0,33.9,33.0,null,null,null,null,null,null
BBIOP2207-24_r_1.3_s_50_BBIOP2207-24,BBIOP2207-24,r_1.3_s_50_merge,>BBIOP2207-24_r_1.3_s_50_BBIOP2207-24_merge,476056,AND96251.1,genus:Onthophagus,,310,null,1548,0.0,34.0,14.34,15.0,null,null,null,null,null,null
BBIOP2271-24_r_1.3_s_50_BBIOP2271-24,BBIOP2271-24,r_1.3_s_50_merge,>BBIOP2271-24_r_1.3_s_50_BBIOP2271-24_merge,1720622,WJR82112.1,genus:Amphimallon,,2371,null,1533,10.0,218.0,84.11,75.0,null,null,null,null,null,null
BBIOP2218-24_r_1_s_100_BBIOP2218-24,BBIOP2218-24,r_1_s_100_merge,>BBIOP2218-24_r_1_s_100_BBIOP2218-24_merge,702309,AND96251.1,family:Scarabaeidae,,248,null,1548,0.0,44.0,12.87,11.0,null,null,null,null,null,null
BBIOP2229-24_r_1.5_s_100_BBIOP2229-24,BBIOP2229-24,r_1.5_s_100_merge,>BBIOP2229-24_r_1.5_s_100_BBIOP2229-24_merge,702309,AND96251.1,family:Scarabaeidae,,57,null,1548,0.0,8.0,2.66,2.0,null,null,null,null,null,null
BBIOP2266-24_r_1.5_s_50_BBIOP2266-24,BBIOP2266-24,r_1.5_s_50_merge,>BBIOP2266-24_r_1.5_s_50_BBIOP2266-24_merge,1720622,WJR82112.1,genus:Amphimallon,,1862,null,1533,15.0,157.0,85.26,86.0,null,null,null,null,null,null
BBIOP2240-24_r_1.3_s_50_BBIOP2240-24,BBIOP2240-24,r_1.3_s_50_merge,>BBIOP2240-24_r_1.3_s_50_BBIOP2240-24_merge,702309,AND96251.1,family:Scarabaeidae,,1609,null,1548,0.0,155.0,59.6,53.5,null,null,null,null,null,null
BBIOP2274-24_r_1.5_s_100_BBIOP2274-24,BBIOP2274-24,r_1.5_s_100_merge,>BBIOP2274-24_r_1.5_s_100_BBIOP2274-24_merge,1971888,XCN33691.1,subfamily:Melolonthinae,,136,null,1539,0.0,18.0,6.13,6.0,null,null,null,null,null,null
BBIOP2257-24_r_1.5_s_50_BBIOP2257-24,BBIOP2257-24,r_1.5_s_50_merge,>BBIOP2257-24_r_1.5_s_50_BBIOP2257-24_merge,1720622,WJR82112.1,genus:Amphimallon,,1177,null,1533,0.0,175.0,36.45,29.0,null,null,null,null,null,null
BBIOP2233-24_r_1.3_s_50_BBIOP2233-24,BBIOP2233-24,r_1.3_s_50_merge,>BBIOP2233-24_r_1.3_s_50_BBIOP2233-24_merge,702309,AND96251.1,family:Scarabaeidae,,244,null,1548,0.0,22.0,7.85,7.0,null,null,null,null,null,null
BBIOP2256-24_r_1.5_s_100_BBIOP2256-24,BBIOP2256-24,r_1.5_s_100_merge,>BBIOP2256-24_r_1.5_s_100_BBIOP2256-24_merge,1720622,WJR82112.1,genus:Amphimallon,,18,null,1533,0.0,6.0,0.96,0.0,null,null,null,null,null,null
BBIOP2277-24_r_1.5_s_50_BBIOP2277-24,BBIOP2277-24,r_1.5_s_50_merge,>BBIOP2277-24_r_1.5_s_50_BBIOP2277-24_merge,1971888,XCN33691.1,subfamily:Melolonthinae,,58,null,1539,0.0,18.0,2.18,1.0,null,null,null,null,null,null
BBIOP2227-24_r_1.5_s_50_BBIOP2227-24,BBIOP2227-24,r_1.5_s_50_merge,>BBIOP2227-24_r_1.5_s_50_BBIOP2227-24_merge,702309,AND96251.1,family:Scarabaeidae,,124,null,1548,0.0,29.0,3.49,1.0,null,null,null,null,null,null
BBIOP2273-24_r_1.5_s_50_BBIOP2273-24,BBIOP2273-24,r_1.5_s_50_merge,>BBIOP2273-24_r_1.5_s_50_BBIOP2273-24_merge,1971888,XCN33691.1,subfamily:Melolonthinae,,146,null,1539,0.0,56.0,4.42,1.0,null,null,null,null,null,null
BBIOP2220-24_r_1_s_100_BBIOP2220-24,BBIOP2220-24,r_1_s_100_merge,>BBIOP2220-24_r_1_s_100_BBIOP2220-24_merge,702309,AND96251.1,family:Scarabaeidae,,128,null,1548,0.0,19.0,7.47,7.0,null,null,null,null,null,null
BBIOP2214-24_r_1.5_s_50_BBIOP2214-24,BBIOP2214-24,r_1.5_s_50_merge,>BBIOP2214-24_r_1.5_s_50_BBIOP2214-24_merge,702309,AND96251.1,family:Scarabaeidae,,476,null,1548,0.0,64.0,15.01,12.0,null,null,null,null,null,null
BBIOP2249-24_r_1.5_s_100_BBIOP2249-24,BBIOP2249-24,r_1.5_s_100_merge,>BBIOP2249-24_r_1.5_s_100_BBIOP2249-24_merge,1720622,WJR82112.1,genus:Amphimallon,,65,null,1533,0.0,15.0,3.21,2.0,null,null,null,null,null,null
BBIOP2221-24_r_1.5_s_100_BBIOP2221-24,BBIOP2221-24,r_1.5_s_100_merge,>BBIOP2221-24_r_1.5_s_100_BBIOP2221-24_merge,702309,AND96251.1,family:Scarabaeidae,,286,null,1548,0.0,48.0,13.8,11.0,null,null,null,null,null,null
BBIOP2218-24_r_1.3_s_50_BBIOP2218-24,BBIOP2218-24,r_1.3_s_50_merge,>BBIOP2218-24_r_1.3_s_50_BBIOP2218-24_merge,702309,AND96251.1,family:Scarabaeidae,,842,null,1548,0.0,91.0,29.76,26.0,null,null,null,null,null,null
BBIOP2272-24_r_1_s_100_BBIOP2272-24,BBIOP2272-24,r_1_s_100_merge,>BBIOP2272-24_r_1_s_100_BBIOP2272-24_merge,1971888,XCN33691.1,subfamily:Melolonthinae,,148,null,1539,0.0,72.0,12.38,8.0,null,null,null,null,null,null
BBIOP2189-24_r_1.3_s_100_BBIOP2189-24,BBIOP2189-24,r_1.3_s_100_merge,>BBIOP2189-24_r_1.3_s_100_BBIOP2189-24_merge,206731,YP_009729770.1,genus:Copris,,3278,null,1530,187.0,421.0,328.64,329.0,null,null,null,null,null,null
BBIOP2249-24_r_1.3_s_100_BBIOP2249-24,BBIOP2249-24,r_1.3_s_100_merge,>BBIOP2249-24_r_1.3_s_100_BBIOP2249-24_merge,1720622,WJR82112.1,genus:Amphimallon,,76,null,1533,0.0,15.0,4.05,3.0,null,null,null,null,null,null
BBIOP2207-24_r_1.5_s_50_BBIOP2207-24,BBIOP2207-24,r_1.5_s_50_merge,>BBIOP2207-24_r_1.5_s_50_BBIOP2207-24_merge,476056,AND96251.1,genus:Onthophagus,,274,null,1548,0.0,33.0,12.36,12.0,null,null,null,null,null,null
BBIOP2252-24_r_1.5_s_50_BBIOP2252-24,BBIOP2252-24,r_1.5_s_50_merge,>BBIOP2252-24_r_1.5_s_50_BBIOP2252-24_merge,1720622,WJR82112.1,genus:Amphimallon,,2186,null,1533,2.0,235.0,78.75,73.0,null,null,null,null,null,null
BBIOP2188-24_r_1_s_100_BBIOP2188-24,BBIOP2188-24,r_1_s_100_merge,>BBIOP2188-24_r_1_s_100_BBIOP2188-24_merge,166368,XPK45401.1,genus:Gymnopleurus,,276,null,1542,0.0,73.0,23.57,15.0,null,null,null,null,null,null
BBIOP2194-24_r_1.3_s_100_BBIOP2194-24,BBIOP2194-24,r_1.3_s_100_merge,>BBIOP2194-24_r_1.3_s_100_BBIOP2194-24_merge,166346,AND96329.1,genus:Onitis,,1213,null,1545,0.0,234.0,64.04,56.0,null,null,null,null,null,null
BBIOP2238-24_r_1.3_s_50_BBIOP2238-24,BBIOP2238-24,r_1.3_s_50_merge,>BBIOP2238-24_r_1.3_s_50_BBIOP2238-24_merge,702309,AND96251.1,family:Scarabaeidae,,391,null,1548,0.0,62.0,14.54,12.0,null,null,null,null,null,null
BBIOP2269-24_r_1.3_s_100_BBIOP2269-24,BBIOP2269-24,r_1.3_s_100_merge,>BBIOP2269-24_r_1.3_s_100_BBIOP2269-24_merge,1720622,WJR82112.1,genus:Amphimallon,,657,null,1533,1.0,128.0,30.73,25.0,null,null,null,null,null,null
BBIOP2213-24_r_1.5_s_100_BBIOP2213-24,BBIOP2213-24,r_1.5_s_100_merge,>BBIOP2213-24_r_1.5_s_100_BBIOP2213-24_merge,2722830,YP_010631648.1,family:Glaphyridae,,1944,null,1533,0.0,307.0,101.74,93.0,null,null,null,null,null,null
BBIOP2231-24_r_1.5_s_100_BBIOP2231-24,BBIOP2231-24,r_1.5_s_100_merge,>BBIOP2231-24_r_1.5_s_100_BBIOP2231-24_merge,702309,AND96251.1,family:Scarabaeidae,,470,null,1548,0.0,63.0,26.24,26.5,null,null,null,null,null,null
BBIOP2255-24_r_1.3_s_100_BBIOP2255-24,BBIOP2255-24,r_1.3_s_100_merge,>BBIOP2255-24_r_1.3_s_100_BBIOP2255-24_merge,1720622,WJR82112.1,genus:Amphimallon,,294,null,1533,1.0,73.0,14.02,9.0,null,null,null,null,null,null
BBIOP2215-24_r_1_s_50_BBIOP2215-24,BBIOP2215-24,r_1_s_50_merge,>BBIOP2215-24_r_1_s_50_BBIOP2215-24_merge,702309,AND96251.1,family:Scarabaeidae,,1781,null,1548,0.0,252.0,67.19,62.0,null,null,null,null,null,null
BBIOP2208-24_r_1_s_50_BBIOP2208-24,BBIOP2208-24,r_1_s_50_merge,>BBIOP2208-24_r_1_s_50_BBIOP2208-24_merge,166359,AND96251.1,genus:Onthophagus,,798,null,1548,0.0,140.0,37.77,34.0,null,null,null,null,null,null
BBIOP2208-24_r_1.5_s_100_BBIOP2208-24,BBIOP2208-24,r_1.5_s_100_merge,>BBIOP2208-24_r_1.5_s_100_BBIOP2208-24_merge,166359,AND96251.1,genus:Onthophagus,,163,null,1548,0.0,33.0,10.42,9.0,null,null,null,null,null,null
BBIOP2277-24_r_1.3_s_50_BBIOP2277-24,BBIOP2277-24,r_1.3_s_50_merge,>BBIOP2277-24_r_1.3_s_50_BBIOP2277-24_merge,1971888,XCN33691.1,subfamily:Melolonthinae,,81,null,1539,0.0,20.0,3.78,3.0,null,null,null,null,null,null
BBIOP2210-24_r_1.5_s_100_BBIOP2210-24,BBIOP2210-24,r_1.5_s_100_merge,>BBIOP2210-24_r_1.5_s_100_BBIOP2210-24_merge,2722828,YP_010631648.1,family:Glaphyridae,,1181,null,1533,0.0,163.0,64.23,67.0,null,null,null,null,null,null
BBIOP2226-24_r_1.5_s_100_BBIOP2226-24,BBIOP2226-24,r_1.5_s_100_merge,>BBIOP2226-24_r_1.5_s_100_BBIOP2226-24_merge,702309,AND96251.1,family:Scarabaeidae,,11,null,1548,0.0,11.0,0.64,0.0,null,null,null,null,null,null
BBIOP2273-24_r_1_s_100_BBIOP2273-24,BBIOP2273-24,r_1_s_100_merge,>BBIOP2273-24_r_1_s_100_BBIOP2273-24_merge,1971888,XCN33691.1,subfamily:Melolonthinae,,241,null,1539,0.0,75.0,19.79,15.0,null,null,null,null,null,null
BBIOP2208-24_r_1_s_100_BBIOP2208-24,BBIOP2208-24,r_1_s_100_merge,>BBIOP2208-24_r_1_s_100_BBIOP2208-24_merge,166359,AND96251.1,genus:Onthophagus,,301,null,1548,0.0,58.0,21.56,22.5,null,null,null,null,null,null
BBIOP2201-24_r_1.5_s_50_BBIOP2201-24,BBIOP2201-24,r_1.5_s_50_merge,>BBIOP2201-24_r_1.5_s_50_BBIOP2201-24_merge,166350,AND96251.1,genus:Onthophagus,,4726,null,1548,0.0,2178.0,213.52,125.5,null,null,null,null,null,null
BBIOP2192-24_r_1.3_s_100_BBIOP2192-24,BBIOP2192-24,r_1.3_s_100_merge,>BBIOP2192-24_r_1.3_s_100_BBIOP2192-24_merge,166330,AND96329.1,genus:Onitis,,130,null,1545,0.0,26.0,8.26,7.0,null,null,null,null,null,null
BBIOP2273-24_r_1.3_s_100_BBIOP2273-24,BBIOP2273-24,r_1.3_s_100_merge,>BBIOP2273-24_r_1.3_s_100_BBIOP2273-24_merge,1971888,XCN33691.1,subfamily:Melolonthinae,,84,null,1539,0.0,51.0,6.09,0.0,null,null,null,null,null,null
BBIOP2208-24_r_1.3_s_100_BBIOP2208-24,BBIOP2208-24,r_1.3_s_100_merge,>BBIOP2208-24_r_1.3_s_100_BBIOP2208-24_merge,166359,AND96251.1,genus:Onthophagus,,219,null,1548,0.0,35.0,14.0,12.0,null,null,null,null,null,null
BBIOP2186-24_r_1.3_s_50_BBIOP2186-24,BBIOP2186-24,r_1.3_s_50_merge,>BBIOP2186-24_r_1.3_s_50_BBIOP2186-24_merge,1172027,AND96251.1,subfamily:Scarabaeinae,,2250,null,1548,0.0,234.0,77.05,71.5,null,null,null,null,null,null
BBIOP2263-24_r_1.5_s_100_BBIOP2263-24,BBIOP2263-24,r_1.5_s_100_merge,>BBIOP2263-24_r_1.5_s_100_BBIOP2263-24_merge,1720622,WJR82112.1,genus:Amphimallon,,275,null,1533,0.0,107.0,20.73,11.0,null,null,null,null,null,null
BBIOP2240-24_r_1.3_s_100_BBIOP2240-24,BBIOP2240-24,r_1.3_s_100_merge,>BBIOP2240-24_r_1.3_s_100_BBIOP2240-24_merge,702309,AND96251.1,family:Scarabaeidae,,510,null,1548,0.0,85.0,26.48,22.0,null,null,null,null,null,null
BBIOP2262-24_r_1.3_s_100_BBIOP2262-24,BBIOP2262-24,r_1.3_s_100_merge,>BBIOP2262-24_r_1.3_s_100_BBIOP2262-24_merge,1720622,WJR82112.1,genus:Amphimallon,,1748,null,1533,18.0,274.0,94.04,81.0,null,null,null,null,null,null
BBIOP2236-24_r_1.3_s_50_BBIOP2236-24,BBIOP2236-24,r_1.3_s_50_merge,>BBIOP2236-24_r_1.3_s_50_BBIOP2236-24_merge,702309,AND96251.1,family:Scarabaeidae,,662,null,1548,0.0,69.0,25.03,22.0,null,null,null,null,null,null
BBIOP2188-24_r_1.5_s_100_BBIOP2188-24,BBIOP2188-24,r_1.5_s_100_merge,>BBIOP2188-24_r_1.5_s_100_BBIOP2188-24_merge,166368,XPK45401.1,genus:Gymnopleurus,,89,null,1542,0.0,18.0,4.15,4.0,null,null,null,null,null,null
BBIOP2200-24_r_1.3_s_50_BBIOP2200-24,BBIOP2200-24,r_1.3_s_50_merge,>BBIOP2200-24_r_1.3_s_50_BBIOP2200-24_merge,166332,AND96251.1,genus:Onthophagus,,929,null,1548,5.0,162.0,41.52,28.0,null,null,null,null,null,null
BBIOP2255-24_r_1.5_s_50_BBIOP2255-24,BBIOP2255-24,r_1.5_s_50_merge,>BBIOP2255-24_r_1.5_s_50_BBIOP2255-24_merge,1720622,WJR82112.1,genus:Amphimallon,,913,null,1533,0.0,111.0,31.52,27.0,null,null,null,null,null,null
BBIOP2213-24_r_1.5_s_50_BBIOP2213-24,BBIOP2213-24,r_1.5_s_50_merge,>BBIOP2213-24_r_1.5_s_50_BBIOP2213-24_merge,2722830,YP_010631648.1,family:Glaphyridae,,3670,null,1533,0.0,403.0,155.09,157.0,null,null,null,null,null,null
BBIOP2190-24_r_1_s_100_BBIOP2190-24,BBIOP2190-24,r_1_s_100_merge,>BBIOP2190-24_r_1_s_100_BBIOP2190-24_merge,166326,AND96368.1,species:Bubas bison,,132,null,1536,0.0,38.0,11.67,8.0,null,null,null,null,null,null
BBIOP2191-24_r_1.5_s_50_BBIOP2191-24,BBIOP2191-24,r_1.5_s_50_merge,>BBIOP2191-24_r_1.5_s_50_BBIOP2191-24_merge,166340,AND96355.1,species:Bubas bubalus,,3195,null,1536,71.0,408.0,195.74,172.5,null,null,null,null,null,null
BBIOP2210-24_r_1_s_100_BBIOP2210-24,BBIOP2210-24,r_1_s_100_merge,>BBIOP2210-24_r_1_s_100_BBIOP2210-24_merge,2722828,YP_010631648.1,family:Glaphyridae,,1745,null,1533,0.0,222.0,111.65,108.0,null,null,null,null,null,null
BBIOP2247-24_r_1.3_s_100_BBIOP2247-24,BBIOP2247-24,r_1.3_s_100_merge,>BBIOP2247-24_r_1.3_s_100_BBIOP2247-24_merge,1720622,WJR82112.1,genus:Amphimallon,,5840,null,1533,162.0,673.0,388.45,375.0,null,null,null,null,null,null
BBIOP2250-24_r_1.5_s_100_BBIOP2250-24,BBIOP2250-24,r_1.5_s_100_merge,>BBIOP2250-24_r_1.5_s_100_BBIOP2250-24_merge,1720622,WJR82112.1,genus:Amphimallon,,38,null,1533,0.0,9.0,1.91,1.0,null,null,null,null,null,null
BBIOP2265-24_r_1_s_50_BBIOP2265-24,BBIOP2265-24,r_1_s_50_merge,>BBIOP2265-24_r_1_s_50_BBIOP2265-24_merge,1720622,WJR82112.1,genus:Amphimallon,,2476,null,1533,19.0,195.0,99.95,103.0,null,null,null,null,null,null
BBIOP2189-24_r_1.5_s_50_BBIOP2189-24,BBIOP2189-24,r_1.5_s_50_merge,>BBIOP2189-24_r_1.5_s_50_BBIOP2189-24_merge,206731,YP_009729770.1,genus:Copris,,3444,null,1530,232.0,421.0,331.96,333.0,null,null,null,null,null,null
BBIOP2197-24_r_1.3_s_50_BBIOP2197-24,BBIOP2197-24,r_1.3_s_50_merge,>BBIOP2197-24_r_1.3_s_50_BBIOP2197-24_merge,166365,AND96251.1,tribe:Onthophagini,,3398,null,1548,3.0,354.0,185.91,183.5,null,null,null,null,null,null
BBIOP2279-24_r_1.3_s_50_BBIOP2279-24,BBIOP2279-24,r_1.3_s_50_merge,>BBIOP2279-24_r_1.3_s_50_BBIOP2279-24_merge,1971888,XCN33691.1,subfamily:Melolonthinae,,417,null,1539,0.0,62.0,16.25,12.0,null,null,null,null,null,null
BBIOP2205-24_r_1_s_100_BBIOP2205-24,BBIOP2205-24,r_1_s_100_merge,>BBIOP2205-24_r_1_s_100_BBIOP2205-24_merge,166353,AND96251.1,genus:Onthophagus,,109,null,1548,0.0,40.0,11.68,6.0,null,null,null,null,null,null
BBIOP2253-24_r_1.3_s_100_BBIOP2253-24,BBIOP2253-24,r_1.3_s_100_merge,>BBIOP2253-24_r_1.3_s_100_BBIOP2253-24_merge,1720622,WJR82112.1,genus:Amphimallon,,71,null,1533,0.0,21.0,4.38,3.0,null,null,null,null,null,null
BBIOP2275-24_r_1_s_100_BBIOP2275-24,BBIOP2275-24,r_1_s_100_merge,>BBIOP2275-24_r_1_s_100_BBIOP2275-24_merge,1971888,XCN33691.1,subfamily:Melolonthinae,,644,null,1539,0.0,129.0,39.7,34.0,null,null,null,null,null,null
BBIOP2234-24_r_1_s_100_BBIOP2234-24,BBIOP2234-24,r_1_s_100_merge,>BBIOP2234-24_r_1_s_100_BBIOP2234-24_merge,702309,AND96251.1,family:Scarabaeidae,,5,null,1548,0.0,4.0,0.57,0.0,null,null,null,null,null,null
BBIOP2215-24_r_1_s_100_BBIOP2215-24,BBIOP2215-24,r_1_s_100_merge,>BBIOP2215-24_r_1_s_100_BBIOP2215-24_merge,702309,AND96251.1,family:Scarabaeidae,,604,null,1548,0.0,123.0,30.69,26.0,null,null,null,null,null,null
BBIOP2244-24_r_1.3_s_100_BBIOP2244-24,BBIOP2244-24,r_1.3_s_100_merge,>BBIOP2244-24_r_1.3_s_100_BBIOP2244-24_merge,702309,AND96251.1,family:Scarabaeidae,,131,null,1548,0.0,25.0,6.53,5.0,null,null,null,null,null,null
BBIOP2218-24_r_1.5_s_100_BBIOP2218-24,BBIOP2218-24,r_1.5_s_100_merge,>BBIOP2218-24_r_1.5_s_100_BBIOP2218-24_merge,702309,AND96251.1,family:Scarabaeidae,,193,null,1548,0.0,43.0,8.82,5.0,null,null,null,null,null,null
BBIOP2186-24_r_1.3_s_100_BBIOP2186-24,BBIOP2186-24,r_1.3_s_100_merge,>BBIOP2186-24_r_1.3_s_100_BBIOP2186-24_merge,1172027,AND96251.1,subfamily:Scarabaeinae,,497,null,1548,0.0,70.0,24.42,23.0,null,null,null,null,null,null
BBIOP2243-24_r_1.5_s_100_BBIOP2243-24,BBIOP2243-24,r_1.5_s_100_merge,>BBIOP2243-24_r_1.5_s_100_BBIOP2243-24_merge,702309,AND96251.1,family:Scarabaeidae,,65017,null,1548,0.0,7339.0,3526.66,3572.0,null,null,null,null,null,null
BBIOP2236-24_r_1.5_s_50_BBIOP2236-24,BBIOP2236-24,r_1.5_s_50_merge,>BBIOP2236-24_r_1.5_s_50_BBIOP2236-24_merge,702309,AND96251.1,family:Scarabaeidae,,457,null,1548,0.0,43.0,16.01,15.0,null,null,null,null,null,null
BBIOP2204-24_r_1.3_s_100_BBIOP2204-24,BBIOP2204-24,r_1.3_s_100_merge,>BBIOP2204-24_r_1.3_s_100_BBIOP2204-24_merge,1541080,AND96251.1,genus:Onthophagus,,16,null,1548,0.0,7.0,1.35,0.0,null,null,null,null,null,null
BBIOP2214-24_r_1_s_100_BBIOP2214-24,BBIOP2214-24,r_1_s_100_merge,>BBIOP2214-24_r_1_s_100_BBIOP2214-24_merge,702309,AND96251.1,family:Scarabaeidae,,178,null,1548,0.0,60.0,12.37,9.0,null,null,null,null,null,null
BBIOP2231-24_r_1.5_s_50_BBIOP2231-24,BBIOP2231-24,r_1.5_s_50_merge,>BBIOP2231-24_r_1.5_s_50_BBIOP2231-24_merge,702309,AND96251.1,family:Scarabaeidae,,754,null,1548,0.0,84.0,34.55,35.0,null,null,null,null,null,null
BBIOP2214-24_r_1.3_s_100_BBIOP2214-24,BBIOP2214-24,r_1.3_s_100_merge,>BBIOP2214-24_r_1.3_s_100_BBIOP2214-24_merge,702309,AND96251.1,family:Scarabaeidae,,94,null,1548,0.0,39.0,4.73,2.0,null,null,null,null,null,null
BBIOP2213-24_r_1.3_s_100_BBIOP2213-24,BBIOP2213-24,r_1.3_s_100_merge,>BBIOP2213-24_r_1.3_s_100_BBIOP2213-24_merge,2722830,YP_010631648.1,family:Glaphyridae,,2222,null,1533,0.0,313.0,117.91,111.0,null,null,null,null,null,null
BBIOP2247-24_r_1.3_s_50_BBIOP2247-24,BBIOP2247-24,r_1.3_s_50_merge,>BBIOP2247-24_r_1.3_s_50_BBIOP2247-24_merge,1720622,WJR82112.1,genus:Amphimallon,,7768,null,1533,182.0,742.0,448.95,440.0,null,null,null,null,null,null
BBIOP2232-24_r_1.5_s_50_BBIOP2232-24,BBIOP2232-24,r_1.5_s_50_merge,>BBIOP2232-24_r_1.5_s_50_BBIOP2232-24_merge,702309,AND96251.1,family:Scarabaeidae,,597,null,1548,0.0,55.0,29.11,30.0,null,null,null,null,null,null
BBIOP2186-24_r_1_s_100_BBIOP2186-24,BBIOP2186-24,r_1_s_100_merge,>BBIOP2186-24_r_1_s_100_BBIOP2186-24_merge,1172027,AND96251.1,subfamily:Scarabaeinae,,711,null,1548,0.0,92.0,44.7,45.0,null,null,null,null,null,null
BBIOP2228-24_r_1.3_s_50_BBIOP2228-24,BBIOP2228-24,r_1.3_s_50_merge,>BBIOP2228-24_r_1.3_s_50_BBIOP2228-24_merge,702309,AND96251.1,family:Scarabaeidae,,163,null,1548,0.0,33.0,5.98,4.0,null,null,null,null,null,null
BBIOP2195-24_r_1_s_50_BBIOP2195-24,BBIOP2195-24,r_1_s_50_merge,>BBIOP2195-24_r_1_s_50_BBIOP2195-24_merge,166346,AND96329.1,genus:Onitis,,2746,null,1545,1.0,249.0,112.03,110.0,null,null,null,null,null,null
BBIOP2258-24_r_1.3_s_50_BBIOP2258-24,BBIOP2258-24,r_1.3_s_50_merge,>BBIOP2258-24_r_1.3_s_50_BBIOP2258-24_merge,1720622,WJR82112.1,genus:Amphimallon,,1132,null,1533,4.0,131.0,73.28,74.0,null,null,null,null,null,null
BBIOP2267-24_r_1_s_100_BBIOP2267-24,BBIOP2267-24,r_1_s_100_merge,>BBIOP2267-24_r_1_s_100_BBIOP2267-24_merge,1720622,WJR82112.1,genus:Amphimallon,,1301,null,1533,1.0,206.0,77.48,69.0,null,null,null,null,null,null
BBIOP2273-24_r_1_s_50_BBIOP2273-24,BBIOP2273-24,r_1_s_50_merge,>BBIOP2273-24_r_1_s_50_BBIOP2273-24_merge,1971888,XCN33691.1,subfamily:Melolonthinae,,489,null,1539,0.0,97.0,27.79,28.0,null,null,null,null,null,null
BBIOP2234-24_r_1.5_s_100_BBIOP2234-24,BBIOP2234-24,r_1.5_s_100_merge,>BBIOP2234-24_r_1.5_s_100_BBIOP2234-24_merge,702309,AND96251.1,family:Scarabaeidae,,0,null,1548,0.0,0.0,0.0,0.0,null,null,null,null,null,null
BBIOP2246-24_r_1.5_s_50_BBIOP2246-24,BBIOP2246-24,r_1.5_s_50_merge,>BBIOP2246-24_r_1.5_s_50_BBIOP2246-24_merge,1720622,WJR82112.1,genus:Amphimallon,,686,null,1533,3.0,74.0,31.1,28.0,null,null,null,null,null,null
BBIOP2280-24_r_1.3_s_50_BBIOP2280-24,BBIOP2280-24,r_1.3_s_50_merge,>BBIOP2280-24_r_1.3_s_50_BBIOP2280-24_merge,1971888,XCN33691.1,subfamily:Melolonthinae,,2099,null,1539,0.0,369.0,72.71,60.0,null,null,null,null,null,null
BBIOP2188-24_r_1_s_50_BBIOP2188-24,BBIOP2188-24,r_1_s_50_merge,>BBIOP2188-24_r_1_s_50_BBIOP2188-24_merge,166368,XPK45401.1,genus:Gymnopleurus,,740,null,1542,0.0,121.0,38.13,36.0,null,null,null,null,null,null
BBIOP2268-24_r_1.5_s_100_BBIOP2268-24,BBIOP2268-24,r_1.5_s_100_merge,>BBIOP2268-24_r_1.5_s_100_BBIOP2268-24_merge,1720622,WJR82112.1,genus:Amphimallon,,79539,null,1533,264.0,6954.0,4069.41,3912.0,null,null,null,null,null,null
BBIOP2280-24_r_1_s_50_BBIOP2280-24,BBIOP2280-24,r_1_s_50_merge,>BBIOP2280-24_r_1_s_50_BBIOP2280-24_merge,1971888,XCN33691.1,subfamily:Melolonthinae,,2161,null,1539,0.0,369.0,75.59,64.0,null,null,null,null,null,null
BBIOP2195-24_r_1.5_s_100_BBIOP2195-24,BBIOP2195-24,r_1.5_s_100_merge,>BBIOP2195-24_r_1.5_s_100_BBIOP2195-24_merge,166346,AND96329.1,genus:Onitis,,719,null,1545,0.0,128.0,34.66,33.0,null,null,null,null,null,null
BBIOP2230-24_r_1.3_s_100_BBIOP2230-24,BBIOP2230-24,r_1.3_s_100_merge,>BBIOP2230-24_r_1.3_s_100_BBIOP2230-24_merge,702309,AND96251.1,family:Scarabaeidae,,71,null,1548,0.0,12.0,3.51,3.0,null,null,null,null,null,null
BBIOP2237-24_r_1.5_s_50_BBIOP2237-24,BBIOP2237-24,r_1.5_s_50_merge,>BBIOP2237-24_r_1.5_s_50_BBIOP2237-24_merge,702309,AND96251.1,family:Scarabaeidae,,659,null,1548,0.0,57.0,21.45,20.0,null,null,null,null,null,null
BBIOP2265-24_r_1.5_s_100_BBIOP2265-24,BBIOP2265-24,r_1.5_s_100_merge,>BBIOP2265-24_r_1.5_s_100_BBIOP2265-24_merge,1720622,WJR82112.1,genus:Amphimallon,,457,null,1533,0.0,71.0,21.65,19.0,null,null,null,null,null,null
BBIOP2239-24_r_1.5_s_50_BBIOP2239-24,BBIOP2239-24,r_1.5_s_50_merge,>BBIOP2239-24_r_1.5_s_50_BBIOP2239-24_merge,702309,AND96251.1,family:Scarabaeidae,,40,null,1548,0.0,18.0,1.39,0.0,null,null,null,null,null,null
BBIOP2265-24_r_1.3_s_100_BBIOP2265-24,BBIOP2265-24,r_1.3_s_100_merge,>BBIOP2265-24_r_1.3_s_100_BBIOP2265-24_merge,1720622,WJR82112.1,genus:Amphimallon,,552,null,1533,6.0,83.0,29.19,26.0,null,null,null,null,null,null
BBIOP2254-24_r_1.5_s_100_BBIOP2254-24,BBIOP2254-24,r_1.5_s_100_merge,>BBIOP2254-24_r_1.5_s_100_BBIOP2254-24_merge,1720622,WJR82112.1,genus:Amphimallon,,129,null,1533,0.0,29.0,5.91,4.0,null,null,null,null,null,null
BBIOP2219-24_r_1.5_s_100_BBIOP2219-24,BBIOP2219-24,r_1.5_s_100_merge,>BBIOP2219-24_r_1.5_s_100_BBIOP2219-24_merge,702309,AND96251.1,family:Scarabaeidae,,253,null,1548,0.0,40.0,13.18,11.0,null,null,null,null,null,null
BBIOP2236-24_r_1.3_s_100_BBIOP2236-24,BBIOP2236-24,r_1.3_s_100_merge,>BBIOP2236-24_r_1.3_s_100_BBIOP2236-24_merge,702309,AND96251.1,family:Scarabaeidae,,209,null,1548,0.0,46.0,12.22,10.0,null,null,null,null,null,null
BBIOP2207-24_r_1_s_50_BBIOP2207-24,BBIOP2207-24,r_1_s_50_merge,>BBIOP2207-24_r_1_s_50_BBIOP2207-24_merge,476056,AND96251.1,genus:Onthophagus,,424,null,1548,0.0,57.0,23.22,22.0,null,null,null,null,null,null
BBIOP2256-24_r_1.3_s_100_BBIOP2256-24,BBIOP2256-24,r_1.3_s_100_merge,>BBIOP2256-24_r_1.3_s_100_BBIOP2256-24_merge,1720622,WJR82112.1,genus:Amphimallon,,35,null,1533,0.0,17.0,2.18,0.0,null,null,null,null,null,null
BBIOP2203-24_r_1_s_50_BBIOP2203-24,BBIOP2203-24,r_1_s_50_merge,>BBIOP2203-24_r_1_s_50_BBIOP2203-24_merge,1541080,AND96251.1,genus:Onthophagus,,482,null,1548,0.0,109.0,25.52,22.0,null,null,null,null,null,null
BBIOP2229-24_r_1.3_s_50_BBIOP2229-24,BBIOP2229-24,r_1.3_s_50_merge,>BBIOP2229-24_r_1.3_s_50_BBIOP2229-24_merge,702309,AND96251.1,family:Scarabaeidae,,245,null,1548,0.0,26.0,8.46,8.0,null,null,null,null,null,null
BBIOP2246-24_r_1_s_50_BBIOP2246-24,BBIOP2246-24,r_1_s_50_merge,>BBIOP2246-24_r_1_s_50_BBIOP2246-24_merge,1720622,WJR82112.1,genus:Amphimallon,,825,null,1533,16.0,84.0,36.88,33.0,null,null,null,null,null,null
BBIOP2269-24_r_1.5_s_100_BBIOP2269-24,BBIOP2269-24,r_1.5_s_100_merge,>BBIOP2269-24_r_1.5_s_100_BBIOP2269-24_merge,1720622,WJR82112.1,genus:Amphimallon,,644,null,1533,0.0,126.0,30.04,24.0,null,null,null,null,null,null
BBIOP2243-24_r_1.5_s_50_BBIOP2243-24,BBIOP2243-24,r_1.5_s_50_merge,>BBIOP2243-24_r_1.5_s_50_BBIOP2243-24_merge,702309,AND96251.1,family:Scarabaeidae,,114697,null,1548,0.0,10982.0,5054.03,4934.0,null,null,null,null,null,null
BBIOP2245-24_r_1_s_100_BBIOP2245-24,BBIOP2245-24,r_1_s_100_merge,>BBIOP2245-24_r_1_s_100_BBIOP2245-24_merge,1720622,WJR82112.1,genus:Amphimallon,,707,null,1533,13.0,100.0,42.83,40.0,null,null,null,null,null,null
BBIOP2219-24_r_1.3_s_100_BBIOP2219-24,BBIOP2219-24,r_1.3_s_100_merge,>BBIOP2219-24_r_1.3_s_100_BBIOP2219-24_merge,702309,AND96251.1,family:Scarabaeidae,,298,null,1548,0.0,48.0,16.19,13.0,null,null,null,null,null,null
BBIOP2203-24_r_1.5_s_100_BBIOP2203-24,BBIOP2203-24,r_1.5_s_100_merge,>BBIOP2203-24_r_1.5_s_100_BBIOP2203-24_merge,1541080,AND96251.1,genus:Onthophagus,,46,null,1548,0.0,24.0,2.03,0.0,null,null,null,null,null,null
BBIOP2253-24_r_1.5_s_50_BBIOP2253-24,BBIOP2253-24,r_1.5_s_50_merge,>BBIOP2253-24_r_1.5_s_50_BBIOP2253-24_merge,1720622,WJR82112.1,genus:Amphimallon,,229,null,1533,0.0,33.0,7.47,6.0,null,null,null,null,null,null
BBIOP2195-24_r_1.3_s_50_BBIOP2195-24,BBIOP2195-24,r_1.3_s_50_merge,>BBIOP2195-24_r_1.3_s_50_BBIOP2195-24_merge,166346,AND96329.1,genus:Onitis,,2265,null,1545,1.0,193.0,82.8,80.0,null,null,null,null,null,null
BBIOP2216-24_r_1.5_s_100_BBIOP2216-24,BBIOP2216-24,r_1.5_s_100_merge,>BBIOP2216-24_r_1.5_s_100_BBIOP2216-24_merge,702309,AND96251.1,family:Scarabaeidae,,89,null,1548,0.0,23.0,4.51,1.0,null,null,null,null,null,null
BBIOP2237-24_r_1_s_50_BBIOP2237-24,BBIOP2237-24,r_1_s_50_merge,>BBIOP2237-24_r_1_s_50_BBIOP2237-24_merge,702309,AND96251.1,family:Scarabaeidae,,994,null,1548,0.0,94.0,35.71,33.0,null,null,null,null,null,null
BBIOP2204-24_r_1.3_s_50_BBIOP2204-24,BBIOP2204-24,r_1.3_s_50_merge,>BBIOP2204-24_r_1.3_s_50_BBIOP2204-24_merge,1541080,AND96251.1,genus:Onthophagus,,46,null,1548,0.0,16.0,2.29,0.0,null,null,null,null,null,null
BBIOP2257-24_r_1_s_50_BBIOP2257-24,BBIOP2257-24,r_1_s_50_merge,>BBIOP2257-24_r_1_s_50_BBIOP2257-24_merge,1720622,WJR82112.1,genus:Amphimallon,,1533,null,1533,7.0,198.0,58.57,49.0,null,null,null,null,null,null
BBIOP2277-24_r_1_s_100_BBIOP2277-24,BBIOP2277-24,r_1_s_100_merge,>BBIOP2277-24_r_1_s_100_BBIOP2277-24_merge,1971888,XCN33691.1,subfamily:Melolonthinae,,89,null,1539,0.0,33.0,8.11,4.0,null,null,null,null,null,null
BBIOP2244-24_r_1_s_50_BBIOP2244-24,BBIOP2244-24,r_1_s_50_merge,>BBIOP2244-24_r_1_s_50_BBIOP2244-24_merge,702309,AND96251.1,family:Scarabaeidae,,532,null,1548,0.0,50.0,19.6,18.0,null,null,null,null,null,null
BBIOP2186-24_r_1.5_s_100_BBIOP2186-24,BBIOP2186-24,r_1.5_s_100_merge,>BBIOP2186-24_r_1.5_s_100_BBIOP2186-24_merge,1172027,AND96251.1,subfamily:Scarabaeinae,,439,null,1548,0.0,67.0,20.49,18.0,null,null,null,null,null,null
BBIOP2241-24_r_1.3_s_50_BBIOP2241-24,BBIOP2241-24,r_1.3_s_50_merge,>BBIOP2241-24_r_1.3_s_50_BBIOP2241-24_merge,702309,AND96251.1,family:Scarabaeidae,,272,null,1548,0.0,46.0,10.18,6.0,null,null,null,null,null,null
BBIOP2241-24_r_1.5_s_50_BBIOP2241-24,BBIOP2241-24,r_1.5_s_50_merge,>BBIOP2241-24_r_1.5_s_50_BBIOP2241-24_merge,702309,AND96251.1,family:Scarabaeidae,,183,null,1548,0.0,46.0,6.15,4.0,null,null,null,null,null,null
BBIOP2208-24_r_1.3_s_50_BBIOP2208-24,BBIOP2208-24,r_1.3_s_50_merge,>BBIOP2208-24_r_1.3_s_50_BBIOP2208-24_merge,166359,AND96251.1,genus:Onthophagus,,450,null,1548,0.0,87.0,20.48,15.0,null,null,null,null,null,null
BBIOP2271-24_r_1.3_s_100_BBIOP2271-24,BBIOP2271-24,r_1.3_s_100_merge,>BBIOP2271-24_r_1.3_s_100_BBIOP2271-24_merge,1720622,WJR82112.1,genus:Amphimallon,,617,null,1533,4.0,76.0,31.52,24.0,null,null,null,null,null,null
BBIOP2235-24_r_1.3_s_100_BBIOP2235-24,BBIOP2235-24,r_1.3_s_100_merge,>BBIOP2235-24_r_1.3_s_100_BBIOP2235-24_merge,702309,AND96251.1,family:Scarabaeidae,,321,null,1548,0.0,36.0,16.3,16.0,null,null,null,null,null,null
BBIOP2230-24_r_1.5_s_50_BBIOP2230-24,BBIOP2230-24,r_1.5_s_50_merge,>BBIOP2230-24_r_1.5_s_50_BBIOP2230-24_merge,702309,AND96251.1,family:Scarabaeidae,,161,null,1548,0.0,19.0,5.66,5.0,null,null,null,null,null,null
BBIOP2245-24_r_1.3_s_100_BBIOP2245-24,BBIOP2245-24,r_1.3_s_100_merge,>BBIOP2245-24_r_1.3_s_100_BBIOP2245-24_merge,1720622,WJR82112.1,genus:Amphimallon,,678,null,1533,12.0,100.0,39.92,36.0,null,null,null,null,null,null
BBIOP2212-24_r_1_s_50_BBIOP2212-24,BBIOP2212-24,r_1_s_50_merge,>BBIOP2212-24_r_1_s_50_BBIOP2212-24_merge,2722830,YP_010631648.1,family:Glaphyridae,,860,null,1533,0.0,98.0,35.07,29.0,null,null,null,null,null,null
BBIOP2207-24_r_1_s_100_BBIOP2207-24,BBIOP2207-24,r_1_s_100_merge,>BBIOP2207-24_r_1_s_100_BBIOP2207-24_merge,476056,AND96251.1,genus:Onthophagus,,258,null,1548,0.0,43.0,17.42,17.0,null,null,null,null,null,null
BBIOP2224-24_r_1.5_s_100_BBIOP2224-24,BBIOP2224-24,r_1.5_s_100_merge,>BBIOP2224-24_r_1.5_s_100_BBIOP2224-24_merge,702309,AND96251.1,family:Scarabaeidae,,66,null,1548,0.0,16.0,2.95,1.0,null,null,null,null,null,null
BBIOP2189-24_r_1.5_s_100_BBIOP2189-24,BBIOP2189-24,r_1.5_s_100_merge,>BBIOP2189-24_r_1.5_s_100_BBIOP2189-24_merge,206731,YP_009729770.1,genus:Copris,,3250,null,1530,187.0,418.0,326.54,329.0,null,null,null,null,null,null
BBIOP2210-24_r_1.5_s_50_BBIOP2210-24,BBIOP2210-24,r_1.5_s_50_merge,>BBIOP2210-24_r_1.5_s_50_BBIOP2210-24_merge,2722828,YP_010631648.1,family:Glaphyridae,,1880,null,1533,0.0,220.0,85.92,87.0,null,null,null,null,null,null
BBIOP2267-24_r_1.5_s_50_BBIOP2267-24,BBIOP2267-24,r_1.5_s_50_merge,>BBIOP2267-24_r_1.5_s_50_BBIOP2267-24_merge,1720622,WJR82112.1,genus:Amphimallon,,3337,null,1533,0.0,435.0,114.74,107.0,null,null,null,null,null,null
BBIOP2236-24_r_1_s_100_BBIOP2236-24,BBIOP2236-24,r_1_s_100_merge,>BBIOP2236-24_r_1_s_100_BBIOP2236-24_merge,702309,AND96251.1,family:Scarabaeidae,,261,null,1548,0.0,69.0,17.4,12.0,null,null,null,null,null,null
BBIOP2189-24_r_1_s_50_BBIOP2189-24,BBIOP2189-24,r_1_s_50_merge,>BBIOP2189-24_r_1_s_50_BBIOP2189-24_merge,206731,YP_009729770.1,genus:Copris,,3513,null,1530,236.0,425.0,335.65,334.0,null,null,null,null,null,null
BBIOP2241-24_r_1.3_s_100_BBIOP2241-24,BBIOP2241-24,r_1.3_s_100_merge,>BBIOP2241-24_r_1.3_s_100_BBIOP2241-24_merge,702309,AND96251.1,family:Scarabaeidae,,68,null,1548,0.0,33.0,4.48,3.0,null,null,null,null,null,null
BBIOP2235-24_r_1.3_s_50_BBIOP2235-24,BBIOP2235-24,r_1.3_s_50_merge,>BBIOP2235-24_r_1.3_s_50_BBIOP2235-24_merge,702309,AND96251.1,family:Scarabaeidae,,847,null,1548,0.0,73.0,32.46,31.0,null,null,null,null,null,null
BBIOP2206-24_r_1.3_s_100_BBIOP2206-24,BBIOP2206-24,r_1.3_s_100_merge,>BBIOP2206-24_r_1.3_s_100_BBIOP2206-24_merge,166353,AND96251.1,genus:Onthophagus,,148,null,1548,0.0,41.0,9.02,7.0,null,null,null,null,null,null
BBIOP2187-24_r_1_s_50_BBIOP2187-24,BBIOP2187-24,r_1_s_50_merge,>BBIOP2187-24_r_1_s_50_BBIOP2187-24_merge,166368,XPK45401.1,genus:Gymnopleurus,,10182,null,1542,5.0,1598.0,508.35,353.5,null,null,null,null,null,null
BBIOP2276-24_r_1.5_s_50_BBIOP2276-24,BBIOP2276-24,r_1.5_s_50_merge,>BBIOP2276-24_r_1.5_s_50_BBIOP2276-24_merge,1971888,XCN33691.1,subfamily:Melolonthinae,,292,null,1539,0.0,34.0,11.22,9.0,null,null,null,null,null,null
BBIOP2272-24_r_1.3_s_100_BBIOP2272-24,BBIOP2272-24,r_1.3_s_100_merge,>BBIOP2272-24_r_1.3_s_100_BBIOP2272-24_merge,1971888,XCN33691.1,subfamily:Melolonthinae,,59,null,1539,0.0,41.0,4.1,2.0,null,null,null,null,null,null
BBIOP2264-24_r_1.5_s_100_BBIOP2264-24,BBIOP2264-24,r_1.5_s_100_merge,>BBIOP2264-24_r_1.5_s_100_BBIOP2264-24_merge,1720622,WJR82112.1,genus:Amphimallon,,555,null,1533,0.0,76.0,24.4,22.0,null,null,null,null,null,null
BBIOP2254-24_r_1.3_s_50_BBIOP2254-24,BBIOP2254-24,r_1.3_s_50_merge,>BBIOP2254-24_r_1.3_s_50_BBIOP2254-24_merge,1720622,WJR82112.1,genus:Amphimallon,,479,null,1533,0.0,94.0,16.7,15.0,null,null,null,null,null,null
BBIOP2238-24_r_1.5_s_100_BBIOP2238-24,BBIOP2238-24,r_1.5_s_100_merge,>BBIOP2238-24_r_1.5_s_100_BBIOP2238-24_merge,702309,AND96251.1,family:Scarabaeidae,,73,null,1548,0.0,19.0,3.74,3.0,null,null,null,null,null,null
BBIOP2203-24_r_1_s_100_BBIOP2203-24,BBIOP2203-24,r_1_s_100_merge,>BBIOP2203-24_r_1_s_100_BBIOP2203-24_merge,1541080,AND96251.1,genus:Onthophagus,,185,null,1548,0.0,53.0,15.13,16.5,null,null,null,null,null,null
BBIOP2191-24_r_1_s_50_BBIOP2191-24,BBIOP2191-24,r_1_s_50_merge,>BBIOP2191-24_r_1_s_50_BBIOP2191-24_merge,166340,AND96355.1,species:Bubas bubalus,,3242,null,1536,71.0,409.0,197.71,178.0,null,null,null,null,null,null
BBIOP2231-24_r_1_s_50_BBIOP2231-24,BBIOP2231-24,r_1_s_50_merge,>BBIOP2231-24_r_1_s_50_BBIOP2231-24_merge,702309,AND96251.1,family:Scarabaeidae,,1028,null,1548,0.0,116.0,48.75,45.0,null,null,null,null,null,null
BBIOP2243-24_r_1.3_s_50_BBIOP2243-24,BBIOP2243-24,r_1.3_s_50_merge,>BBIOP2243-24_r_1.3_s_50_BBIOP2243-24_merge,702309,AND96251.1,family:Scarabaeidae,,134061,null,1548,0.0,11671.0,5845.91,5617.0,null,null,null,null,null,null
BBIOP2247-24_r_1.5_s_50_BBIOP2247-24,BBIOP2247-24,r_1.5_s_50_merge,>BBIOP2247-24_r_1.5_s_50_BBIOP2247-24_merge,1720622,WJR82112.1,genus:Amphimallon,,6950,null,1533,169.0,742.0,404.47,399.0,null,null,null,null,null,null
BBIOP2220-24_r_1_s_50_BBIOP2220-24,BBIOP2220-24,r_1_s_50_merge,>BBIOP2220-24_r_1_s_50_BBIOP2220-24_merge,702309,AND96251.1,family:Scarabaeidae,,478,null,1548,0.0,52.0,18.31,17.0,null,null,null,null,null,null
BBIOP2226-24_r_1.5_s_50_BBIOP2226-24,BBIOP2226-24,r_1.5_s_50_merge,>BBIOP2226-24_r_1.5_s_50_BBIOP2226-24_merge,702309,AND96251.1,family:Scarabaeidae,,57,null,1548,0.0,38.0,1.93,0.0,null,null,null,null,null,null
BBIOP2213-24_r_1_s_100_BBIOP2213-24,BBIOP2213-24,r_1_s_100_merge,>BBIOP2213-24_r_1_s_100_BBIOP2213-24_merge,2722830,YP_010631648.1,family:Glaphyridae,,2344,null,1533,0.0,319.0,127.08,114.0,null,null,null,null,null,null
BBIOP2247-24_r_1_s_50_BBIOP2247-24,BBIOP2247-24,r_1_s_50_merge,>BBIOP2247-24_r_1_s_50_BBIOP2247-24_merge,1720622,WJR82112.1,genus:Amphimallon,,8097,null,1533,185.0,785.0,462.94,444.0,null,null,null,null,null,null
BBIOP2251-24_r_1_s_50_BBIOP2251-24,BBIOP2251-24,r_1_s_50_merge,>BBIOP2251-24_r_1_s_50_BBIOP2251-24_merge,1720622,WJR82112.1,genus:Amphimallon,,606,null,1533,0.0,130.0,38.92,38.0,null,null,null,null,null,null
BBIOP2242-24_r_1_s_100_BBIOP2242-24,BBIOP2242-24,r_1_s_100_merge,>BBIOP2242-24_r_1_s_100_BBIOP2242-24_merge,702309,AND96251.1,family:Scarabaeidae,,2303,null,1548,0.0,261.0,119.18,117.0,null,null,null,null,null,null
BBIOP2231-24_r_1.3_s_50_BBIOP2231-24,BBIOP2231-24,r_1.3_s_50_merge,>BBIOP2231-24_r_1.3_s_50_BBIOP2231-24_merge,702309,AND96251.1,family:Scarabaeidae,,883,null,1548,0.0,90.0,39.81,41.0,null,null,null,null,null,null
BBIOP2231-24_r_1.3_s_100_BBIOP2231-24,BBIOP2231-24,r_1.3_s_100_merge,>BBIOP2231-24_r_1.3_s_100_BBIOP2231-24_merge,702309,AND96251.1,family:Scarabaeidae,,504,null,1548,0.0,68.0,28.48,29.0,null,null,null,null,null,null
BBIOP2192-24_r_1.5_s_100_BBIOP2192-24,BBIOP2192-24,r_1.5_s_100_merge,>BBIOP2192-24_r_1.5_s_100_BBIOP2192-24_merge,166330,AND96329.1,genus:Onitis,,116,null,1545,0.0,26.0,6.94,6.0,null,null,null,null,null,null
BBIOP2274-24_r_1.3_s_50_BBIOP2274-24,BBIOP2274-24,r_1.3_s_50_merge,>BBIOP2274-24_r_1.3_s_50_BBIOP2274-24_merge,1971888,XCN33691.1,subfamily:Melolonthinae,,610,null,1539,2.0,44.0,20.7,21.0,null,null,null,null,null,null
BBIOP2202-24_r_1_s_50_BBIOP2202-24,BBIOP2202-24,r_1_s_50_merge,>BBIOP2202-24_r_1_s_50_BBIOP2202-24_merge,166350,AND96251.1,genus:Onthophagus,,639,null,1548,0.0,118.0,38.8,35.0,null,null,null,null,null,null
BBIOP2251-24_r_1.3_s_50_BBIOP2251-24,BBIOP2251-24,r_1.3_s_50_merge,>BBIOP2251-24_r_1.3_s_50_BBIOP2251-24_merge,1720622,WJR82112.1,genus:Amphimallon,,240,null,1533,0.0,54.0,10.25,4.0,null,null,null,null,null,null
BBIOP2217-24_r_1.5_s_100_BBIOP2217-24,BBIOP2217-24,r_1.5_s_100_merge,>BBIOP2217-24_r_1.5_s_100_BBIOP2217-24_merge,702309,AND96251.1,family:Scarabaeidae,,203,null,1548,0.0,30.0,9.86,8.0,null,null,null,null,null,null
BBIOP2209-24_r_1.3_s_50_BBIOP2209-24,BBIOP2209-24,r_1.3_s_50_merge,>BBIOP2209-24_r_1.3_s_50_BBIOP2209-24_merge,2722829,YP_010631648.1,family:Glaphyridae,,270,null,1533,0.0,38.0,11.06,9.0,null,null,null,null,null,null
BBIOP2201-24_r_1.5_s_100_BBIOP2201-24,BBIOP2201-24,r_1.5_s_100_merge,>BBIOP2201-24_r_1.5_s_100_BBIOP2201-24_merge,166350,AND96251.1,genus:Onthophagus,,2456,null,1548,0.0,1002.0,161.77,86.0,null,null,null,null,null,null
BBIOP2264-24_r_1.5_s_50_BBIOP2264-24,BBIOP2264-24,r_1.5_s_50_merge,>BBIOP2264-24_r_1.5_s_50_BBIOP2264-24_merge,1720622,WJR82112.1,genus:Amphimallon,,2346,null,1533,0.0,275.0,76.46,71.0,null,null,null,null,null,null
BBIOP2232-24_r_1.5_s_100_BBIOP2232-24,BBIOP2232-24,r_1.5_s_100_merge,>BBIOP2232-24_r_1.5_s_100_BBIOP2232-24_merge,702309,AND96251.1,family:Scarabaeidae,,359,null,1548,0.0,46.0,21.82,22.0,null,null,null,null,null,null
BBIOP2272-24_r_1.5_s_50_BBIOP2272-24,BBIOP2272-24,r_1.5_s_50_merge,>BBIOP2272-24_r_1.5_s_50_BBIOP2272-24_merge,1971888,XCN33691.1,subfamily:Melolonthinae,,64,null,1539,0.0,26.0,2.89,0.0,null,null,null,null,null,null
BBIOP2270-24_r_1.5_s_50_BBIOP2270-24,BBIOP2270-24,r_1.5_s_50_merge,>BBIOP2270-24_r_1.5_s_50_BBIOP2270-24_merge,1720622,WJR82112.1,genus:Amphimallon,,776,null,1533,0.0,161.0,24.61,17.0,null,null,null,null,null,null
BBIOP2232-24_r_1_s_100_BBIOP2232-24,BBIOP2232-24,r_1_s_100_merge,>BBIOP2232-24_r_1_s_100_BBIOP2232-24_merge,702309,AND96251.1,family:Scarabaeidae,,462,null,1548,0.0,51.0,29.04,29.0,null,null,null,null,null,null
BBIOP2276-24_r_1.3_s_100_BBIOP2276-24,BBIOP2276-24,r_1.3_s_100_merge,>BBIOP2276-24_r_1.3_s_100_BBIOP2276-24_merge,1971888,XCN33691.1,subfamily:Melolonthinae,,105,null,1539,0.0,18.0,5.76,4.0,null,null,null,null,null,null
BBIOP2275-24_r_1.5_s_100_BBIOP2275-24,BBIOP2275-24,r_1.5_s_100_merge,>BBIOP2275-24_r_1.5_s_100_BBIOP2275-24_merge,1971888,XCN33691.1,subfamily:Melolonthinae,,413,null,1539,0.0,84.0,18.54,14.0,null,null,null,null,null,null
BBIOP2192-24_r_1_s_50_BBIOP2192-24,BBIOP2192-24,r_1_s_50_merge,>BBIOP2192-24_r_1_s_50_BBIOP2192-24_merge,166330,AND96329.1,genus:Onitis,,780,null,1545,0.0,134.0,43.56,42.0,null,null,null,null,null,null
BBIOP2268-24_r_1.3_s_50_BBIOP2268-24,BBIOP2268-24,r_1.3_s_50_merge,>BBIOP2268-24_r_1.3_s_50_BBIOP2268-24_merge,1720622,WJR82112.1,genus:Amphimallon,,196133,null,1533,2540.0,13218.0,7677.68,7618.0,null,null,null,null,null,null
BBIOP2254-24_r_1_s_100_BBIOP2254-24,BBIOP2254-24,r_1_s_100_merge,>BBIOP2254-24_r_1_s_100_BBIOP2254-24_merge,1720622,WJR82112.1,genus:Amphimallon,,172,null,1533,0.0,33.0,9.81,7.0,null,null,null,null,null,null
BBIOP2256-24_r_1.3_s_50_BBIOP2256-24,BBIOP2256-24,r_1.3_s_50_merge,>BBIOP2256-24_r_1.3_s_50_BBIOP2256-24_merge,1720622,WJR82112.1,genus:Amphimallon,,124,null,1533,0.0,20.0,4.7,3.0,null,null,null,null,null,null
BBIOP2204-24_r_1_s_100_BBIOP2204-24,BBIOP2204-24,r_1_s_100_merge,>BBIOP2204-24_r_1_s_100_BBIOP2204-24_merge,1541080,AND96251.1,genus:Onthophagus,,85,null,1548,0.0,22.0,7.28,6.0,null,null,null,null,null,null
BBIOP2221-24_r_1.3_s_50_BBIOP2221-24,BBIOP2221-24,r_1.3_s_50_merge,>BBIOP2221-24_r_1.3_s_50_BBIOP2221-24_merge,702309,AND96251.1,family:Scarabaeidae,,970,null,1548,0.0,83.0,34.74,32.0,null,null,null,null,null,null
BBIOP2206-24_r_1.5_s_50_BBIOP2206-24,BBIOP2206-24,r_1.5_s_50_merge,>BBIOP2206-24_r_1.5_s_50_BBIOP2206-24_merge,166353,AND96251.1,genus:Onthophagus,,295,null,1548,0.0,44.0,11.14,7.0,null,null,null,null,null,null
BBIOP2189-24_r_1_s_100_BBIOP2189-24,BBIOP2189-24,r_1_s_100_merge,>BBIOP2189-24_r_1_s_100_BBIOP2189-24_merge,206731,YP_009729770.1,genus:Copris,,3281,null,1530,187.0,421.0,328.91,329.0,null,null,null,null,null,null
BBIOP2199-24_r_1_s_50_BBIOP2199-24,BBIOP2199-24,r_1_s_50_merge,>BBIOP2199-24_r_1_s_50_BBIOP2199-24_merge,166332,AND96251.1,genus:Onthophagus,,2245,null,1548,0.0,331.0,152.86,120.0,null,null,null,null,null,null
BBIOP2258-24_r_1_s_100_BBIOP2258-24,BBIOP2258-24,r_1_s_100_merge,>BBIOP2258-24_r_1_s_100_BBIOP2258-24_merge,1720622,WJR82112.1,genus:Amphimallon,,949,null,1533,5.0,155.0,79.98,77.0,null,null,null,null,null,null
BBIOP2261-24_r_1.3_s_100_BBIOP2261-24,BBIOP2261-24,r_1.3_s_100_merge,>BBIOP2261-24_r_1.3_s_100_BBIOP2261-24_merge,1720622,WJR82112.1,genus:Amphimallon,,500,null,1533,1.0,85.0,25.74,21.0,null,null,null,null,null,null
BBIOP2279-24_r_1.3_s_100_BBIOP2279-24,BBIOP2279-24,r_1.3_s_100_merge,>BBIOP2279-24_r_1.3_s_100_BBIOP2279-24_merge,1971888,XCN33691.1,subfamily:Melolonthinae,,164,null,1539,0.0,33.0,8.37,7.0,null,null,null,null,null,null
BBIOP2201-24_r_1_s_50_BBIOP2201-24,BBIOP2201-24,r_1_s_50_merge,>BBIOP2201-24_r_1_s_50_BBIOP2201-24_merge,166350,AND96251.1,genus:Onthophagus,,6634,null,1548,0.0,2413.0,388.87,197.0,null,null,null,null,null,null
BBIOP2259-24_r_1.5_s_100_BBIOP2259-24,BBIOP2259-24,r_1.5_s_100_merge,>BBIOP2259-24_r_1.5_s_100_BBIOP2259-24_merge,1720622,WJR82112.1,genus:Amphimallon,,35,null,1533,0.0,11.0,1.78,0.0,null,null,null,null,null,null
BBIOP2267-24_r_1.3_s_50_BBIOP2267-24,BBIOP2267-24,r_1.3_s_50_merge,>BBIOP2267-24_r_1.3_s_50_BBIOP2267-24_merge,1720622,WJR82112.1,genus:Amphimallon,,3691,null,1533,18.0,473.0,129.18,115.0,null,null,null,null,null,null
BBIOP2191-24_r_1_s_100_BBIOP2191-24,BBIOP2191-24,r_1_s_100_merge,>BBIOP2191-24_r_1_s_100_BBIOP2191-24_merge,166340,AND96355.1,species:Bubas bubalus,,2591,null,1536,61.0,385.0,178.22,152.0,null,null,null,null,null,null
BBIOP2245-24_r_1_s_50_BBIOP2245-24,BBIOP2245-24,r_1_s_50_merge,>BBIOP2245-24_r_1_s_50_BBIOP2245-24_merge,1720622,WJR82112.1,genus:Amphimallon,,1206,null,1533,23.0,120.0,58.4,56.0,null,null,null,null,null,null
BBIOP2271-24_r_1_s_100_BBIOP2271-24,BBIOP2271-24,r_1_s_100_merge,>BBIOP2271-24_r_1_s_100_BBIOP2271-24_merge,1720622,WJR82112.1,genus:Amphimallon,,810,null,1533,7.0,117.0,51.16,48.0,null,null,null,null,null,null
BBIOP2268-24_r_1_s_100_BBIOP2268-24,BBIOP2268-24,r_1_s_100_merge,>BBIOP2268-24_r_1_s_100_BBIOP2268-24_merge,1720622,WJR82112.1,genus:Amphimallon,,83504,null,1533,1592.0,7022.0,4311.99,4154.0,null,null,null,null,null,null
BBIOP2224-24_r_1_s_100_BBIOP2224-24,BBIOP2224-24,r_1_s_100_merge,>BBIOP2224-24_r_1_s_100_BBIOP2224-24_merge,702309,AND96251.1,family:Scarabaeidae,,170,null,1548,0.0,31.0,13.02,14.0,null,null,null,null,null,null
BBIOP2259-24_r_1.3_s_50_BBIOP2259-24,BBIOP2259-24,r_1.3_s_50_merge,>BBIOP2259-24_r_1.3_s_50_BBIOP2259-24_merge,1720622,WJR82112.1,genus:Amphimallon,,230,null,1533,0.0,49.0,9.83,7.0,null,null,null,null,null,null
BBIOP2278-24_r_1.3_s_100_BBIOP2278-24,BBIOP2278-24,r_1.3_s_100_merge,>BBIOP2278-24_r_1.3_s_100_BBIOP2278-24_merge,1971888,XCN33691.1,subfamily:Melolonthinae,,553,null,1539,4.0,68.0,29.29,26.0,null,null,null,null,null,null
BBIOP2194-24_r_1_s_50_BBIOP2194-24,BBIOP2194-24,r_1_s_50_merge,>BBIOP2194-24_r_1_s_50_BBIOP2194-24_merge,166346,AND96329.1,genus:Onitis,,2368,null,1545,0.0,327.0,100.08,95.0,null,null,null,null,null,null
BBIOP2235-24_r_1.5_s_50_BBIOP2235-24,BBIOP2235-24,r_1.5_s_50_merge,>BBIOP2235-24_r_1.5_s_50_BBIOP2235-24_merge,702309,AND96251.1,family:Scarabaeidae,,693,null,1548,0.0,58.0,26.52,27.0,null,null,null,null,null,null
BBIOP2211-24_r_1.3_s_50_BBIOP2211-24,BBIOP2211-24,r_1.3_s_50_merge,>BBIOP2211-24_r_1.3_s_50_BBIOP2211-24_merge,2722828,YP_010631648.1,family:Glaphyridae,,330,null,1533,0.0,50.0,12.13,10.0,null,null,null,null,null,null
BBIOP2209-24_r_1_s_50_BBIOP2209-24,BBIOP2209-24,r_1_s_50_merge,>BBIOP2209-24_r_1_s_50_BBIOP2209-24_merge,2722829,YP_010631648.1,family:Glaphyridae,,525,null,1533,2.0,76.0,29.4,28.0,null,null,null,null,null,null
BBIOP2228-24_r_1.5_s_100_BBIOP2228-24,BBIOP2228-24,r_1.5_s_100_merge,>BBIOP2228-24_r_1.5_s_100_BBIOP2228-24_merge,702309,AND96251.1,family:Scarabaeidae,,10,null,1548,0.0,4.0,0.45,0.0,null,null,null,null,null,null
BBIOP2264-24_r_1.3_s_50_BBIOP2264-24,BBIOP2264-24,r_1.3_s_50_merge,>BBIOP2264-24_r_1.3_s_50_BBIOP2264-24_merge,1720622,WJR82112.1,genus:Amphimallon,,2550,null,1533,11.0,299.0,83.64,75.0,null,null,null,null,null,null
BBIOP2234-24_r_1_s_50_BBIOP2234-24,BBIOP2234-24,r_1_s_50_merge,>BBIOP2234-24_r_1_s_50_BBIOP2234-24_merge,702309,AND96251.1,family:Scarabaeidae,,28,null,1548,0.0,8.0,1.32,0.0,null,null,null,null,null,null
BBIOP2215-24_r_1.5_s_50_BBIOP2215-24,BBIOP2215-24,r_1.5_s_50_merge,>BBIOP2215-24_r_1.5_s_50_BBIOP2215-24_merge,702309,AND96251.1,family:Scarabaeidae,,1348,null,1548,0.0,243.0,50.38,45.0,null,null,null,null,null,null
BBIOP2192-24_r_1.5_s_50_BBIOP2192-24,BBIOP2192-24,r_1.5_s_50_merge,>BBIOP2192-24_r_1.5_s_50_BBIOP2192-24_merge,166330,AND96329.1,genus:Onitis,,319,null,1545,0.0,58.0,12.72,10.0,null,null,null,null,null,null
BBIOP2228-24_r_1.3_s_100_BBIOP2228-24,BBIOP2228-24,r_1.3_s_100_merge,>BBIOP2228-24_r_1.3_s_100_BBIOP2228-24_merge,702309,AND96251.1,family:Scarabaeidae,,38,null,1548,0.0,12.0,2.59,1.0,null,null,null,null,null,null
BBIOP2278-24_r_1_s_100_BBIOP2278-24_fcleaner_merge,BBIOP2278-24,r_1_s_100_fcleaner_merge,>BBIOP2278-24_r_1_s_100_BBIOP2278-24_fcleaner_merge,1971888,XCN33691.1,subfamily:Melolonthinae,null,486,null,null,4.0,61.0,25.21,24.0,0,55,19,0,0,100.0
BBIOP2215-24_r_1.5_s_50_BBIOP2215-24_fcleaner_merge,BBIOP2215-24,r_1.5_s_50_fcleaner_merge,>BBIOP2215-24_r_1.5_s_50_BBIOP2215-24_fcleaner_merge,702309,AND96251.1,family:Scarabaeidae,null,1235,null,null,0.0,243.0,47.09,40.0,0,102,11,0,0,97.67
BBIOP2279-24_r_1_s_50_BBIOP2279-24_fcleaner_merge,BBIOP2279-24,r_1_s_50_fcleaner_merge,>BBIOP2279-24_r_1_s_50_BBIOP2279-24_fcleaner_merge,1971888,XCN33691.1,subfamily:Melolonthinae,null,329,null,null,0.0,47.0,12.69,10.0,0,145,18,0,0,99.22
BBIOP2192-24_r_1.5_s_50_BBIOP2192-24_fcleaner_merge,BBIOP2192-24,r_1.5_s_50_fcleaner_merge,>BBIOP2192-24_r_1.5_s_50_BBIOP2192-24_fcleaner_merge,166330,AND96329.1,genus:Onitis,null,225,null,null,0.0,41.0,9.9,8.0,0,87,7,0,0,86.21
BBIOP2229-24_r_1.3_s_100_BBIOP2229-24_fcleaner_merge,BBIOP2229-24,r_1.3_s_100_fcleaner_merge,>BBIOP2229-24_r_1.3_s_100_BBIOP2229-24_fcleaner_merge,702309,AND96251.1,family:Scarabaeidae,null,60,null,null,0.0,8.0,2.82,2.0,0,3,3,0,0,73.64
BBIOP2264-24_r_1_s_100_BBIOP2264-24_fcleaner_merge,BBIOP2264-24,r_1_s_100_fcleaner_merge,>BBIOP2264-24_r_1_s_100_BBIOP2264-24_fcleaner_merge,1720622,WJR82112.1,genus:Amphimallon,null,526,null,null,0.0,76.0,23.42,21.0,0,51,9,0,0,96.48
BBIOP2212-24_r_1.5_s_100_BBIOP2212-24_fcleaner_merge,BBIOP2212-24,r_1.5_s_100_fcleaner_merge,>BBIOP2212-24_r_1.5_s_100_BBIOP2212-24_fcleaner_merge,2722830,YP_010631648.1,family:Glaphyridae,null,162,null,null,0.0,52.0,8.4,6.0,0,8,9,0,0,83.95
BBIOP2253-24_r_1_s_50_BBIOP2253-24_fcleaner_merge,BBIOP2253-24,r_1_s_50_fcleaner_merge,>BBIOP2253-24_r_1_s_50_BBIOP2253-24_fcleaner_merge,1720622,WJR82112.1,genus:Amphimallon,null,301,null,null,0.0,81.0,19.47,11.0,0,240,28,0,0,82.97
BBIOP2245-24_r_1_s_100_BBIOP2245-24_fcleaner_merge,BBIOP2245-24,r_1_s_100_fcleaner_merge,>BBIOP2245-24_r_1_s_100_BBIOP2245-24_fcleaner_merge,1720622,WJR82112.1,genus:Amphimallon,null,639,null,null,10.0,88.0,37.88,35.0,0,61,7,0,0,100.0
BBIOP2262-24_r_1.3_s_50_BBIOP2262-24_fcleaner_merge,BBIOP2262-24,r_1.3_s_50_fcleaner_merge,>BBIOP2262-24_r_1.3_s_50_BBIOP2262-24_fcleaner_merge,1720622,WJR82112.1,genus:Amphimallon,null,3229,null,null,34.0,329.0,138.58,125.0,0,328,30,0,0,100.0
BBIOP2219-24_r_1.3_s_50_BBIOP2219-24_fcleaner_merge,BBIOP2219-24,r_1.3_s_50_fcleaner_merge,>BBIOP2219-24_r_1.3_s_50_BBIOP2219-24_fcleaner_merge,702309,AND96251.1,family:Scarabaeidae,null,605,null,null,0.0,49.0,24.54,23.0,0,111,16,0,0,99.03
BBIOP2257-24_r_1_s_50_BBIOP2257-24_fcleaner_merge,BBIOP2257-24,r_1_s_50_fcleaner_merge,>BBIOP2257-24_r_1_s_50_BBIOP2257-24_fcleaner_merge,1720622,WJR82112.1,genus:Amphimallon,null,825,null,null,0.0,137.0,25.72,17.0,0,702,6,0,0,91.19
BBIOP2200-24_r_1_s_50_BBIOP2200-24_fcleaner_merge,BBIOP2200-24,r_1_s_50_fcleaner_merge,>BBIOP2200-24_r_1_s_50_BBIOP2200-24_fcleaner_merge,166332,AND96251.1,genus:Onthophagus,null,238,null,null,0.0,43.0,11.13,8.0,0,996,9,0,0,86.24
BBIOP2203-24_r_1_s_50_BBIOP2203-24_fcleaner_merge,BBIOP2203-24,r_1_s_50_fcleaner_merge,>BBIOP2203-24_r_1_s_50_BBIOP2203-24_fcleaner_merge,1541080,AND96251.1,genus:Onthophagus,null,293,null,null,0.0,74.0,16.95,15.0,0,172,17,0,0,77.52
BBIOP2262-24_r_1.5_s_100_BBIOP2262-24_fcleaner_merge,BBIOP2262-24,r_1.5_s_100_fcleaner_merge,>BBIOP2262-24_r_1.5_s_100_BBIOP2262-24_fcleaner_merge,1720622,WJR82112.1,genus:Amphimallon,null,1527,null,null,3.0,272.0,81.48,73.0,0,45,10,0,0,100.0
BBIOP2270-24_r_1.3_s_100_BBIOP2270-24_fcleaner_merge,BBIOP2270-24,r_1.3_s_100_fcleaner_merge,>BBIOP2270-24_r_1.3_s_100_BBIOP2270-24_fcleaner_merge,1720622,WJR82112.1,genus:Amphimallon,null,96,null,null,0.0,27.0,4.99,3.0,0,96,4,0,0,67.71
BBIOP2255-24_r_1_s_50_BBIOP2255-24_fcleaner_merge,BBIOP2255-24,r_1_s_50_fcleaner_merge,>BBIOP2255-24_r_1_s_50_BBIOP2255-24_fcleaner_merge,1720622,WJR82112.1,genus:Amphimallon,null,749,null,null,0.0,78.0,26.41,24.0,0,478,5,0,0,95.69
BBIOP2233-24_r_1.5_s_50_BBIOP2233-24_fcleaner_merge,BBIOP2233-24,r_1.5_s_50_fcleaner_merge,>BBIOP2233-24_r_1.5_s_50_BBIOP2233-24_fcleaner_merge,702309,AND96251.1,family:Scarabaeidae,null,175,null,null,0.0,19.0,5.64,5.0,0,17,3,0,0,87.02
BBIOP2268-24_r_1.5_s_100_BBIOP2268-24_fcleaner_merge,BBIOP2268-24,r_1.5_s_100_fcleaner_merge,>BBIOP2268-24_r_1.5_s_100_BBIOP2268-24_fcleaner_merge,1720622,WJR82112.1,genus:Amphimallon,null,75052,null,null,263.0,6516.0,3856.13,3814.0,0,3692,795,0,0,100.0
BBIOP2222-24_r_1.5_s_100_BBIOP2222-24_fcleaner_merge,BBIOP2222-24,r_1.5_s_100_fcleaner_merge,>BBIOP2222-24_r_1.5_s_100_BBIOP2222-24_fcleaner_merge,702309,AND96251.1,family:Scarabaeidae,null,73,null,null,0.0,20.0,4.03,2.5,0,1,2,0,0,75.58
BBIOP2275-24_r_1_s_100_BBIOP2275-24_fcleaner_merge,BBIOP2275-24,r_1_s_100_fcleaner_merge,>BBIOP2275-24_r_1_s_100_BBIOP2275-24_fcleaner_merge,1971888,XCN33691.1,subfamily:Melolonthinae,null,110,null,null,0.0,20.0,5.14,4.0,0,530,4,0,0,78.75
BBIOP2216-24_r_1_s_100_BBIOP2216-24_fcleaner_merge,BBIOP2216-24,r_1_s_100_fcleaner_merge,>BBIOP2216-24_r_1_s_100_BBIOP2216-24_fcleaner_merge,702309,AND96251.1,family:Scarabaeidae,null,40,null,null,0.0,14.0,2.19,0.0,0,83,1,0,0,42.83
BBIOP2201-24_r_1_s_100_BBIOP2201-24_fcleaner_merge,BBIOP2201-24,r_1_s_100_fcleaner_merge,>BBIOP2201-24_r_1_s_100_BBIOP2201-24_fcleaner_merge,166350,AND96251.1,genus:Onthophagus,null,2259,null,null,0.0,572.0,177.64,113.0,0,1525,220,0,0,99.42
BBIOP2237-24_r_1_s_100_BBIOP2237-24_fcleaner_merge,BBIOP2237-24,r_1_s_100_fcleaner_merge,>BBIOP2237-24_r_1_s_100_BBIOP2237-24_fcleaner_merge,702309,AND96251.1,family:Scarabaeidae,null,120,null,null,0.0,18.0,5.63,5.0,0,133,4,0,0,81.2
BBIOP2240-24_r_1.3_s_100_BBIOP2240-24_fcleaner_merge,BBIOP2240-24,r_1.3_s_100_fcleaner_merge,>BBIOP2240-24_r_1.3_s_100_BBIOP2240-24_fcleaner_merge,702309,AND96251.1,family:Scarabaeidae,null,423,null,null,0.0,72.0,21.3,17.0,0,63,24,0,0,98.26
BBIOP2199-24_r_1.5_s_50_BBIOP2199-24_fcleaner_merge,BBIOP2199-24,r_1.5_s_50_fcleaner_merge,>BBIOP2199-24_r_1.5_s_50_BBIOP2199-24_fcleaner_merge,166332,AND96251.1,genus:Onthophagus,null,1732,null,null,0.0,291.0,126.22,116.5,0,379,20,0,0,99.42
BBIOP2259-24_r_1.5_s_50_BBIOP2259-24_fcleaner_merge,BBIOP2259-24,r_1.5_s_50_fcleaner_merge,>BBIOP2259-24_r_1.5_s_50_BBIOP2259-24_fcleaner_merge,1720622,WJR82112.1,genus:Amphimallon,null,118,null,null,0.0,20.0,4.01,2.0,0,45,2,0,0,79.26
BBIOP2263-24_r_1.3_s_100_BBIOP2263-24_fcleaner_merge,BBIOP2263-24,r_1.3_s_100_fcleaner_merge,>BBIOP2263-24_r_1.3_s_100_BBIOP2263-24_fcleaner_merge,1720622,WJR82112.1,genus:Amphimallon,null,261,null,null,0.0,90.0,20.91,8.0,0,39,29,0,0,85.91
BBIOP2221-24_r_1.5_s_50_BBIOP2221-24_fcleaner_merge,BBIOP2221-24,r_1.5_s_50_fcleaner_merge,>BBIOP2221-24_r_1.5_s_50_BBIOP2221-24_fcleaner_merge,702309,AND96251.1,family:Scarabaeidae,null,724,null,null,0.0,76.0,26.01,25.0,0,80,12,0,0,96.32
BBIOP2220-24_r_1_s_100_BBIOP2220-24_fcleaner_merge,BBIOP2220-24,r_1_s_100_fcleaner_merge,>BBIOP2220-24_r_1_s_100_BBIOP2220-24_fcleaner_merge,702309,AND96251.1,family:Scarabaeidae,null,65,null,null,0.0,12.0,3.3,3.0,0,59,4,0,0,77.52
BBIOP2261-24_r_1.3_s_100_BBIOP2261-24_fcleaner_merge,BBIOP2261-24,r_1.3_s_100_fcleaner_merge,>BBIOP2261-24_r_1.3_s_100_BBIOP2261-24_fcleaner_merge,1720622,WJR82112.1,genus:Amphimallon,null,390,null,null,0.0,66.0,19.07,15.0,0,109,1,0,0,98.04
BBIOP2274-24_r_1_s_50_BBIOP2274-24_fcleaner_merge,BBIOP2274-24,r_1_s_50_fcleaner_merge,>BBIOP2274-24_r_1_s_50_BBIOP2274-24_fcleaner_merge,1971888,XCN33691.1,subfamily:Melolonthinae,null,493,null,null,0.0,53.0,16.25,16.0,0,227,23,0,0,98.25
BBIOP2203-24_r_1_s_100_BBIOP2203-24_fcleaner_merge,BBIOP2203-24,r_1_s_100_fcleaner_merge,>BBIOP2203-24_r_1_s_100_BBIOP2203-24_fcleaner_merge,1541080,AND96251.1,genus:Onthophagus,null,108,null,null,0.0,29.0,10.17,10.0,0,71,6,0,3,60.08
BBIOP2240-24_r_1.5_s_100_BBIOP2240-24_fcleaner_merge,BBIOP2240-24,r_1.5_s_100_fcleaner_merge,>BBIOP2240-24_r_1.5_s_100_BBIOP2240-24_fcleaner_merge,702309,AND96251.1,family:Scarabaeidae,null,410,null,null,0.0,72.0,20.35,17.0,0,23,21,0,0,88.76
BBIOP2269-24_r_1.3_s_100_BBIOP2269-24_fcleaner_merge,BBIOP2269-24,r_1.3_s_100_fcleaner_merge,>BBIOP2269-24_r_1.3_s_100_BBIOP2269-24_fcleaner_merge,1720622,WJR82112.1,genus:Amphimallon,null,632,null,null,1.0,123.0,29.56,24.0,0,16,9,0,0,100.0
BBIOP2228-24_r_1.5_s_100_BBIOP2228-24_fcleaner_merge,BBIOP2228-24,r_1.5_s_100_fcleaner_merge,>BBIOP2228-24_r_1.5_s_100_BBIOP2228-24_fcleaner_merge,702309,AND96251.1,family:Scarabaeidae,null,5,null,null,0.0,4.0,0.2,0.0,0,5,0,0,0,8.72
BBIOP2188-24_r_1_s_50_BBIOP2188-24_fcleaner_merge,BBIOP2188-24,r_1_s_50_fcleaner_merge,>BBIOP2188-24_r_1_s_50_BBIOP2188-24_fcleaner_merge,166368,XPK45401.1,genus:Gymnopleurus,null,133,null,null,0.0,30.0,5.46,2.0,0,600,7,0,0,58.37
BBIOP2279-24_r_1_s_100_BBIOP2279-24_fcleaner_merge,BBIOP2279-24,r_1_s_100_fcleaner_merge,>BBIOP2279-24_r_1_s_100_BBIOP2279-24_fcleaner_merge,1971888,XCN33691.1,subfamily:Melolonthinae,null,126,null,null,0.0,27.0,6.37,5.0,0,41,4,0,0,93.57
BBIOP2254-24_r_1.5_s_50_BBIOP2254-24_fcleaner_merge,BBIOP2254-24,r_1.5_s_50_fcleaner_merge,>BBIOP2254-24_r_1.5_s_50_BBIOP2254-24_fcleaner_merge,1720622,WJR82112.1,genus:Amphimallon,null,391,null,null,0.0,91.0,13.48,11.0,0,30,4,0,0,87.28
BBIOP2267-24_r_1_s_100_BBIOP2267-24_fcleaner_merge,BBIOP2267-24,r_1_s_100_fcleaner_merge,>BBIOP2267-24_r_1_s_100_BBIOP2267-24_fcleaner_merge,1720622,WJR82112.1,genus:Amphimallon,null,794,null,null,0.0,142.0,37.61,34.0,0,505,2,0,0,94.91
BBIOP2256-24_r_1.3_s_100_BBIOP2256-24_fcleaner_merge,BBIOP2256-24,r_1.3_s_100_fcleaner_merge,>BBIOP2256-24_r_1.3_s_100_BBIOP2256-24_fcleaner_merge,1720622,WJR82112.1,genus:Amphimallon,null,31,null,null,0.0,17.0,2.0,0.0,0,4,0,0,0,37.18
BBIOP2271-24_r_1_s_50_BBIOP2271-24_fcleaner_merge,BBIOP2271-24,r_1_s_50_fcleaner_merge,>BBIOP2271-24_r_1_s_50_BBIOP2271-24_fcleaner_merge,1720622,WJR82112.1,genus:Amphimallon,null,1797,null,null,0.0,175.0,60.6,55.0,0,1058,31,0,0,98.43
BBIOP2239-24_r_1.3_s_100_BBIOP2239-24_fcleaner_merge,BBIOP2239-24,r_1.3_s_100_fcleaner_merge,>BBIOP2239-24_r_1.3_s_100_BBIOP2239-24_fcleaner_merge,702309,AND96251.1,family:Scarabaeidae,null,4,null,null,0.0,2.0,0.26,0.0,0,18,1,0,0,16.09
BBIOP2253-24_r_1.5_s_50_BBIOP2253-24_fcleaner_merge,BBIOP2253-24,r_1.5_s_50_fcleaner_merge,>BBIOP2253-24_r_1.5_s_50_BBIOP2253-24_fcleaner_merge,1720622,WJR82112.1,genus:Amphimallon,null,122,null,null,0.0,13.0,4.09,4.0,0,104,3,0,0,86.11
BBIOP2254-24_r_1.3_s_100_BBIOP2254-24_fcleaner_merge,BBIOP2254-24,r_1.3_s_100_fcleaner_merge,>BBIOP2254-24_r_1.3_s_100_BBIOP2254-24_fcleaner_merge,1720622,WJR82112.1,genus:Amphimallon,null,64,null,null,0.0,13.0,2.83,2.0,0,75,0,0,0,72.41
BBIOP2238-24_r_1.3_s_50_BBIOP2238-24_fcleaner_merge,BBIOP2238-24,r_1.3_s_50_fcleaner_merge,>BBIOP2238-24_r_1.3_s_50_BBIOP2238-24_fcleaner_merge,702309,AND96251.1,family:Scarabaeidae,null,227,null,null,0.0,24.0,8.0,8.0,0,148,16,0,0,96.9
BBIOP2219-24_r_1.3_s_100_BBIOP2219-24_fcleaner_merge,BBIOP2219-24,r_1.3_s_100_fcleaner_merge,>BBIOP2219-24_r_1.3_s_100_BBIOP2219-24_fcleaner_merge,702309,AND96251.1,family:Scarabaeidae,null,249,null,null,0.0,37.0,13.47,12.0,0,42,7,0,0,98.64
BBIOP2198-24_r_1_s_100_BBIOP2198-24_fcleaner_merge,BBIOP2198-24,r_1_s_100_fcleaner_merge,>BBIOP2198-24_r_1_s_100_BBIOP2198-24_fcleaner_merge,166365,AND96251.1,tribe:Onthophagini,null,16882,null,null,0.0,1928.0,1251.51,1237.5,0,1609,179,0,0,99.22
BBIOP2237-24_r_1_s_50_BBIOP2237-24_fcleaner_merge,BBIOP2237-24,r_1_s_50_fcleaner_merge,>BBIOP2237-24_r_1_s_50_BBIOP2237-24_fcleaner_merge,702309,AND96251.1,family:Scarabaeidae,null,719,null,null,0.0,66.0,23.98,23.0,0,253,22,0,0,96.12
BBIOP2226-24_r_1.3_s_50_BBIOP2226-24_fcleaner_merge,BBIOP2226-24,r_1.3_s_50_fcleaner_merge,>BBIOP2226-24_r_1.3_s_50_BBIOP2226-24_fcleaner_merge,702309,AND96251.1,family:Scarabaeidae,null,99,null,null,0.0,39.0,4.13,0.0,0,8,3,0,0,49.61
BBIOP2232-24_r_1_s_50_BBIOP2232-24_fcleaner_merge,BBIOP2232-24,r_1_s_50_fcleaner_merge,>BBIOP2232-24_r_1_s_50_BBIOP2232-24_fcleaner_merge,702309,AND96251.1,family:Scarabaeidae,null,701,null,null,0.0,64.0,34.14,33.0,0,117,19,0,0,99.03
BBIOP2208-24_r_1.3_s_50_BBIOP2208-24_fcleaner_merge,BBIOP2208-24,r_1.3_s_50_fcleaner_merge,>BBIOP2208-24_r_1.3_s_50_BBIOP2208-24_fcleaner_merge,166359,AND96251.1,genus:Onthophagus,null,292,null,null,0.0,44.0,14.73,13.0,0,139,19,0,0,92.64
BBIOP2197-24_r_1_s_100_BBIOP2197-24_fcleaner_merge,BBIOP2197-24,r_1_s_100_fcleaner_merge,>BBIOP2197-24_r_1_s_100_BBIOP2197-24_fcleaner_merge,166365,AND96251.1,tribe:Onthophagini,null,2155,null,null,2.0,300.0,137.41,131.0,0,363,47,0,0,100.0
BBIOP2269-24_r_1_s_100_BBIOP2269-24_fcleaner_merge,BBIOP2269-24,r_1_s_100_fcleaner_merge,>BBIOP2269-24_r_1_s_100_BBIOP2269-24_fcleaner_merge,1720622,WJR82112.1,genus:Amphimallon,null,634,null,null,2.0,121.0,29.7,24.0,0,32,11,0,0,100.0
BBIOP2246-24_r_1_s_50_BBIOP2246-24_fcleaner_merge,BBIOP2246-24,r_1_s_50_fcleaner_merge,>BBIOP2246-24_r_1_s_50_BBIOP2246-24_fcleaner_merge,1720622,WJR82112.1,genus:Amphimallon,null,751,null,null,11.0,74.0,33.96,31.0,0,74,0,0,0,100.0
BBIOP2226-24_r_1.5_s_50_BBIOP2226-24_fcleaner_merge,BBIOP2226-24,r_1.5_s_50_fcleaner_merge,>BBIOP2226-24_r_1.5_s_50_BBIOP2226-24_fcleaner_merge,702309,AND96251.1,family:Scarabaeidae,null,49,null,null,0.0,38.0,1.71,0.0,0,8,0,0,0,18.6
BBIOP2223-24_r_1_s_100_BBIOP2223-24_fcleaner_merge,BBIOP2223-24,r_1_s_100_fcleaner_merge,>BBIOP2223-24_r_1_s_100_BBIOP2223-24_fcleaner_merge,702309,AND96251.1,family:Scarabaeidae,null,55,null,null,0.0,26.0,2.72,0.0,0,155,0,0,0,44.38
BBIOP2213-24_r_1.5_s_50_BBIOP2213-24_fcleaner_merge,BBIOP2213-24,r_1.5_s_50_fcleaner_merge,>BBIOP2213-24_r_1.5_s_50_BBIOP2213-24_fcleaner_merge,2722830,YP_010631648.1,family:Glaphyridae,null,3268,null,null,0.0,354.0,142.74,136.0,0,373,29,0,0,99.02
BBIOP2230-24_r_1.3_s_100_BBIOP2230-24_fcleaner_merge,BBIOP2230-24,r_1.3_s_100_fcleaner_merge,>BBIOP2230-24_r_1.3_s_100_BBIOP2230-24_fcleaner_merge,702309,AND96251.1,family:Scarabaeidae,null,58,null,null,0.0,9.0,2.74,2.0,0,10,3,0,0,79.46
BBIOP2254-24_r_1_s_50_BBIOP2254-24_fcleaner_merge,BBIOP2254-24,r_1_s_50_fcleaner_merge,>BBIOP2254-24_r_1_s_50_BBIOP2254-24_fcleaner_merge,1720622,WJR82112.1,genus:Amphimallon,null,337,null,null,0.0,58.0,11.23,9.0,0,227,8,0,0,91.39
BBIOP2252-24_r_1_s_100_BBIOP2252-24_fcleaner_merge,BBIOP2252-24,r_1_s_100_fcleaner_merge,>BBIOP2252-24_r_1_s_100_BBIOP2252-24_fcleaner_merge,1720622,WJR82112.1,genus:Amphimallon,null,763,null,null,10.0,148.0,36.79,30.0,0,45,17,0,0,100.0
BBIOP2202-24_r_1.5_s_50_BBIOP2202-24_fcleaner_merge,BBIOP2202-24,r_1.5_s_50_fcleaner_merge,>BBIOP2202-24_r_1.5_s_50_BBIOP2202-24_fcleaner_merge,166350,AND96251.1,genus:Onthophagus,null,208,null,null,0.0,28.0,11.65,10.0,0,98,4,0,0,97.48
BBIOP2228-24_r_1_s_100_BBIOP2228-24_fcleaner_merge,BBIOP2228-24,r_1_s_100_fcleaner_merge,>BBIOP2228-24_r_1_s_100_BBIOP2228-24_fcleaner_merge,702309,AND96251.1,family:Scarabaeidae,null,200,null,null,0.0,93.0,22.96,11.0,0,13,14,0,3,72.87
BBIOP2274-24_r_1_s_100_BBIOP2274-24_fcleaner_merge,BBIOP2274-24,r_1_s_100_fcleaner_merge,>BBIOP2274-24_r_1_s_100_BBIOP2274-24_fcleaner_merge,1971888,XCN33691.1,subfamily:Melolonthinae,null,34,null,null,0.0,10.0,1.85,0.0,0,178,3,0,0,49.12
BBIOP2267-24_r_1.5_s_50_BBIOP2267-24_fcleaner_merge,BBIOP2267-24,r_1.5_s_50_fcleaner_merge,>BBIOP2267-24_r_1.5_s_50_BBIOP2267-24_fcleaner_merge,1720622,WJR82112.1,genus:Amphimallon,null,3016,null,null,0.0,435.0,104.7,96.0,0,309,12,0,0,99.22
BBIOP2274-24_r_1.3_s_50_BBIOP2274-24_fcleaner_merge,BBIOP2274-24,r_1.3_s_50_fcleaner_merge,>BBIOP2274-24_r_1.3_s_50_BBIOP2274-24_fcleaner_merge,1971888,XCN33691.1,subfamily:Melolonthinae,null,491,null,null,0.0,38.0,16.54,17.0,0,104,15,0,0,99.61
BBIOP2225-24_r_1_s_50_BBIOP2225-24_fcleaner_merge,BBIOP2225-24,r_1_s_50_fcleaner_merge,>BBIOP2225-24_r_1_s_50_BBIOP2225-24_fcleaner_merge,702309,AND96251.1,family:Scarabaeidae,null,1715,null,null,0.0,127.0,85.09,89.0,0,424,64,0,0,99.03
BBIOP2252-24_r_1.5_s_50_BBIOP2252-24_fcleaner_merge,BBIOP2252-24,r_1.5_s_50_fcleaner_merge,>BBIOP2252-24_r_1.5_s_50_BBIOP2252-24_fcleaner_merge,1720622,WJR82112.1,genus:Amphimallon,null,2016,null,null,2.0,234.0,73.54,67.0,0,138,32,0,0,100.0
BBIOP2250-24_r_1.3_s_100_BBIOP2250-24_fcleaner_merge,BBIOP2250-24,r_1.3_s_100_fcleaner_merge,>BBIOP2250-24_r_1.3_s_100_BBIOP2250-24_fcleaner_merge,1720622,WJR82112.1,genus:Amphimallon,null,43,null,null,0.0,15.0,2.24,1.0,0,9,0,0,0,63.8
BBIOP2241-24_r_1.5_s_100_BBIOP2241-24_fcleaner_merge,BBIOP2241-24,r_1.5_s_100_fcleaner_merge,>BBIOP2241-24_r_1.5_s_100_BBIOP2241-24_fcleaner_merge,702309,AND96251.1,family:Scarabaeidae,null,12,null,null,0.0,5.0,0.61,0.0,0,25,0,0,0,30.23
BBIOP2274-24_r_1.5_s_50_BBIOP2274-24_fcleaner_merge,BBIOP2274-24,r_1.5_s_50_fcleaner_merge,>BBIOP2274-24_r_1.5_s_50_BBIOP2274-24_fcleaner_merge,1971888,XCN33691.1,subfamily:Melolonthinae,null,432,null,null,0.0,37.0,14.61,14.0,0,76,12,0,0,97.86
BBIOP2199-24_r_1_s_100_BBIOP2199-24_fcleaner_merge,BBIOP2199-24,r_1_s_100_fcleaner_merge,>BBIOP2199-24_r_1_s_100_BBIOP2199-24_fcleaner_merge,166332,AND96251.1,genus:Onthophagus,null,1537,null,null,0.0,281.0,120.21,107.5,0,380,19,0,0,99.42
BBIOP2265-24_r_1.5_s_100_BBIOP2265-24_fcleaner_merge,BBIOP2265-24,r_1.5_s_100_fcleaner_merge,>BBIOP2265-24_r_1.5_s_100_BBIOP2265-24_fcleaner_merge,1720622,WJR82112.1,genus:Amphimallon,null,428,null,null,0.0,58.0,20.38,18.0,0,21,8,0,0,97.65
BBIOP2190-24_r_1_s_100_BBIOP2190-24_fcleaner_merge,BBIOP2190-24,r_1_s_100_fcleaner_merge,>BBIOP2190-24_r_1_s_100_BBIOP2190-24_fcleaner_merge,166326,AND96368.1,species:Bubas bison,null,73,null,null,0.0,21.0,6.55,5.0,0,56,3,0,0,71.09
BBIOP2245-24_r_1.5_s_100_BBIOP2245-24_fcleaner_merge,BBIOP2245-24,r_1.5_s_100_fcleaner_merge,>BBIOP2245-24_r_1.5_s_100_BBIOP2245-24_fcleaner_merge,1720622,WJR82112.1,genus:Amphimallon,null,582,null,null,1.0,88.0,34.29,31.0,0,25,6,0,0,100.0
BBIOP2240-24_r_1.5_s_50_BBIOP2240-24_fcleaner_merge,BBIOP2240-24,r_1.5_s_50_fcleaner_merge,>BBIOP2240-24_r_1.5_s_50_BBIOP2240-24_fcleaner_merge,702309,AND96251.1,family:Scarabaeidae,null,1003,null,null,0.0,146.0,38.38,35.0,0,133,53,0,0,93.99
BBIOP2226-24_r_1.3_s_100_BBIOP2226-24_fcleaner_merge,BBIOP2226-24,r_1.3_s_100_fcleaner_merge,>BBIOP2226-24_r_1.3_s_100_BBIOP2226-24_fcleaner_merge,702309,AND96251.1,family:Scarabaeidae,null,30,null,null,0.0,16.0,2.12,0.0,0,2,0,0,0,31.78
BBIOP2196-24_r_1_s_100_BBIOP2196-24_fcleaner_merge,BBIOP2196-24,r_1_s_100_fcleaner_merge,>BBIOP2196-24_r_1_s_100_BBIOP2196-24_fcleaner_merge,166343,AND96617.1,genus:Euoniticellus,null,4110,null,null,0.0,728.0,219.08,176.0,0,1298,35,0,0,99.81
BBIOP2239-24_r_1_s_100_BBIOP2239-24_fcleaner_merge,BBIOP2239-24,r_1_s_100_fcleaner_merge,>BBIOP2239-24_r_1_s_100_BBIOP2239-24_fcleaner_merge,702309,AND96251.1,family:Scarabaeidae,null,127,null,null,0.0,35.0,11.98,6.0,0,13,0,0,0,65.7
BBIOP2243-24_r_1.5_s_100_BBIOP2243-24_fcleaner_merge,BBIOP2243-24,r_1.5_s_100_fcleaner_merge,>BBIOP2243-24_r_1.5_s_100_BBIOP2243-24_fcleaner_merge,702309,AND96251.1,family:Scarabaeidae,null,60253,null,null,0.0,7221.0,3286.93,3201.0,0,4012,752,0,0,97.67
BBIOP2215-24_r_1.5_s_100_BBIOP2215-24_fcleaner_merge,BBIOP2215-24,r_1.5_s_100_fcleaner_merge,>BBIOP2215-24_r_1.5_s_100_BBIOP2215-24_fcleaner_merge,702309,AND96251.1,family:Scarabaeidae,null,520,null,null,0.0,122.0,25.2,21.0,0,13,4,0,0,93.02
BBIOP2270-24_r_1_s_100_BBIOP2270-24_fcleaner_merge,BBIOP2270-24,r_1_s_100_fcleaner_merge,>BBIOP2270-24_r_1_s_100_BBIOP2270-24_fcleaner_merge,1720622,WJR82112.1,genus:Amphimallon,null,172,null,null,0.0,68.0,17.69,5.0,0,261,14,0,0,71.82
BBIOP2202-24_r_1_s_100_BBIOP2202-24_fcleaner_merge,BBIOP2202-24,r_1_s_100_fcleaner_merge,>BBIOP2202-24_r_1_s_100_BBIOP2202-24_fcleaner_merge,166350,AND96251.1,genus:Onthophagus,null,34,null,null,0.0,15.0,2.2,0.0,0,347,4,0,0,49.03
BBIOP2276-24_r_1.5_s_100_BBIOP2276-24_fcleaner_merge,BBIOP2276-24,r_1.5_s_100_fcleaner_merge,>BBIOP2276-24_r_1.5_s_100_BBIOP2276-24_fcleaner_merge,1971888,XCN33691.1,subfamily:Melolonthinae,null,95,null,null,0.0,17.0,5.29,4.0,0,8,1,0,0,87.91
BBIOP2270-24_r_1.5_s_100_BBIOP2270-24_fcleaner_merge,BBIOP2270-24,r_1.5_s_100_fcleaner_merge,>BBIOP2270-24_r_1.5_s_100_BBIOP2270-24_fcleaner_merge,1720622,WJR82112.1,genus:Amphimallon,null,111,null,null,0.0,35.0,5.26,1.0,0,16,2,0,0,55.58
BBIOP2257-24_r_1.5_s_50_BBIOP2257-24_fcleaner_merge,BBIOP2257-24,r_1.5_s_50_fcleaner_merge,>BBIOP2257-24_r_1.5_s_50_BBIOP2257-24_fcleaner_merge,1720622,WJR82112.1,genus:Amphimallon,null,955,null,null,0.0,175.0,30.31,24.0,0,217,5,0,0,94.52
BBIOP2242-24_r_1.3_s_100_BBIOP2242-24_fcleaner_merge,BBIOP2242-24,r_1.3_s_100_fcleaner_merge,>BBIOP2242-24_r_1.3_s_100_BBIOP2242-24_fcleaner_merge,702309,AND96251.1,family:Scarabaeidae,null,1911,null,null,0.0,260.0,96.04,96.0,0,194,95,0,0,98.64
BBIOP2229-24_r_1.5_s_50_BBIOP2229-24_fcleaner_merge,BBIOP2229-24,r_1.5_s_50_fcleaner_merge,>BBIOP2229-24_r_1.5_s_50_BBIOP2229-24_fcleaner_merge,702309,AND96251.1,family:Scarabaeidae,null,189,null,null,0.0,19.0,6.62,6.0,0,17,3,0,0,90.7
BBIOP2190-24_r_1.3_s_50_BBIOP2190-24_fcleaner_merge,BBIOP2190-24,r_1.3_s_50_fcleaner_merge,>BBIOP2190-24_r_1.3_s_50_BBIOP2190-24_fcleaner_merge,166326,AND96368.1,species:Bubas bison,null,24,null,null,0.0,12.0,0.78,0.0,0,88,1,0,0,22.07
BBIOP2192-24_r_1_s_100_BBIOP2192-24_fcleaner_merge,BBIOP2192-24,r_1_s_100_fcleaner_merge,>BBIOP2192-24_r_1_s_100_BBIOP2192-24_fcleaner_merge,166330,AND96329.1,genus:Onitis,null,179,null,null,0.0,77.0,16.27,10.0,0,182,5,0,3,69.32
BBIOP2197-24_r_1.5_s_100_BBIOP2197-24_fcleaner_merge,BBIOP2197-24,r_1.5_s_100_fcleaner_merge,>BBIOP2197-24_r_1.5_s_100_BBIOP2197-24_fcleaner_merge,166365,AND96251.1,tribe:Onthophagini,null,2114,null,null,2.0,295.0,134.8,129.0,0,264,44,0,0,100.0
BBIOP2193-24_r_1.3_s_50_BBIOP2193-24_fcleaner_merge,BBIOP2193-24,r_1.3_s_50_fcleaner_merge,>BBIOP2193-24_r_1.3_s_50_BBIOP2193-24_fcleaner_merge,166330,AND96329.1,genus:Onitis,null,10511,null,null,0.0,729.0,394.58,390.0,0,2048,80,0,0,99.81
BBIOP2223-24_r_1.5_s_100_BBIOP2223-24_fcleaner_merge,BBIOP2223-24,r_1.5_s_100_fcleaner_merge,>BBIOP2223-24_r_1.5_s_100_BBIOP2223-24_fcleaner_merge,702309,AND96251.1,family:Scarabaeidae,null,115,null,null,0.0,31.0,5.42,4.0,0,13,0,0,0,78.68
BBIOP2257-24_r_1.3_s_50_BBIOP2257-24_fcleaner_merge,BBIOP2257-24,r_1.3_s_50_fcleaner_merge,>BBIOP2257-24_r_1.3_s_50_BBIOP2257-24_fcleaner_merge,1720622,WJR82112.1,genus:Amphimallon,null,987,null,null,0.0,181.0,31.35,25.0,0,304,6,0,0,97.26
BBIOP2215-24_r_1.3_s_50_BBIOP2215-24_fcleaner_merge,BBIOP2215-24,r_1.3_s_50_fcleaner_merge,>BBIOP2215-24_r_1.3_s_50_BBIOP2215-24_fcleaner_merge,702309,AND96251.1,family:Scarabaeidae,null,1420,null,null,0.0,244.0,53.37,47.0,0,179,8,0,0,98.64
BBIOP2241-24_r_1.5_s_50_BBIOP2241-24_fcleaner_merge,BBIOP2241-24,r_1.5_s_50_fcleaner_merge,>BBIOP2241-24_r_1.5_s_50_BBIOP2241-24_fcleaner_merge,702309,AND96251.1,family:Scarabaeidae,null,119,null,null,0.0,33.0,3.9,2.0,0,62,2,0,0,64.53
BBIOP2253-24_r_1.3_s_100_BBIOP2253-24_fcleaner_merge,BBIOP2253-24,r_1.3_s_100_fcleaner_merge,>BBIOP2253-24_r_1.3_s_100_BBIOP2253-24_fcleaner_merge,1720622,WJR82112.1,genus:Amphimallon,null,35,null,null,0.0,10.0,1.81,1.0,0,36,0,0,0,54.79
BBIOP2207-24_r_1_s_50_BBIOP2207-24_fcleaner_merge,BBIOP2207-24,r_1_s_50_fcleaner_merge,>BBIOP2207-24_r_1_s_50_BBIOP2207-24_fcleaner_merge,476056,AND96251.1,genus:Onthophagus,null,187,null,null,0.0,27.0,8.97,8.0,0,235,2,0,0,86.05
BBIOP2187-24_r_1_s_100_BBIOP2187-24_fcleaner_merge,BBIOP2187-24,r_1_s_100_fcleaner_merge,>BBIOP2187-24_r_1_s_100_BBIOP2187-24_fcleaner_merge,166368,XPK45401.1,genus:Gymnopleurus,null,5188,null,null,0.0,971.0,321.25,265.0,0,1403,43,0,0,99.81
BBIOP2195-24_r_1.3_s_100_BBIOP2195-24_fcleaner_merge,BBIOP2195-24,r_1.3_s_100_fcleaner_merge,>BBIOP2195-24_r_1.3_s_100_BBIOP2195-24_fcleaner_merge,166346,AND96329.1,genus:Onitis,null,578,null,null,0.0,98.0,28.36,25.0,0,164,59,0,0,99.42
BBIOP2216-24_r_1.5_s_100_BBIOP2216-24_fcleaner_merge,BBIOP2216-24,r_1.5_s_100_fcleaner_merge,>BBIOP2216-24_r_1.5_s_100_BBIOP2216-24_fcleaner_merge,702309,AND96251.1,family:Scarabaeidae,null,74,null,null,0.0,18.0,3.73,1.0,0,15,0,0,0,54.65
BBIOP2261-24_r_1.3_s_50_BBIOP2261-24_fcleaner_merge,BBIOP2261-24,r_1.3_s_50_fcleaner_merge,>BBIOP2261-24_r_1.3_s_50_BBIOP2261-24_fcleaner_merge,1720622,WJR82112.1,genus:Amphimallon,null,1375,null,null,3.0,180.0,48.26,38.0,0,350,9,0,0,100.0
BBIOP2247-24_r_1_s_50_BBIOP2247-24_fcleaner_merge,BBIOP2247-24,r_1_s_50_fcleaner_merge,>BBIOP2247-24_r_1_s_50_BBIOP2247-24_fcleaner_merge,1720622,WJR82112.1,genus:Amphimallon,null,7356,null,null,143.0,734.0,431.23,413.0,0,677,64,0,0,100.0
BBIOP2211-24_r_1.3_s_50_BBIOP2211-24_fcleaner_merge,BBIOP2211-24,r_1.3_s_50_fcleaner_merge,>BBIOP2211-24_r_1.3_s_50_BBIOP2211-24_fcleaner_merge,2722828,YP_010631648.1,family:Glaphyridae,null,231,null,null,0.0,26.0,8.62,8.0,0,99,0,0,0,95.3
BBIOP2224-24_r_1.3_s_100_BBIOP2224-24_fcleaner_merge,BBIOP2224-24,r_1.3_s_100_fcleaner_merge,>BBIOP2224-24_r_1.3_s_100_BBIOP2224-24_fcleaner_merge,702309,AND96251.1,family:Scarabaeidae,null,59,null,null,0.0,16.0,2.64,0.0,0,21,2,0,0,47.29
BBIOP2215-24_r_1.3_s_100_BBIOP2215-24_fcleaner_merge,BBIOP2215-24,r_1.3_s_100_fcleaner_merge,>BBIOP2215-24_r_1.3_s_100_BBIOP2215-24_fcleaner_merge,702309,AND96251.1,family:Scarabaeidae,null,540,null,null,0.0,122.0,26.29,23.0,0,32,5,0,0,98.64
BBIOP2277-24_r_1_s_50_BBIOP2277-24_fcleaner_merge,BBIOP2277-24,r_1_s_50_fcleaner_merge,>BBIOP2277-24_r_1_s_50_BBIOP2277-24_fcleaner_merge,1971888,XCN33691.1,subfamily:Melolonthinae,null,67,null,null,0.0,16.0,3.84,3.0,0,107,11,0,0,70.96
BBIOP2210-24_r_1_s_50_BBIOP2210-24_fcleaner_merge,BBIOP2210-24,r_1_s_50_fcleaner_merge,>BBIOP2210-24_r_1_s_50_BBIOP2210-24_fcleaner_merge,2722828,YP_010631648.1,family:Glaphyridae,null,2349,null,null,0.0,245.0,111.67,103.0,0,865,50,0,0,99.8
BBIOP2233-24_r_1_s_100_BBIOP2233-24_fcleaner_merge,BBIOP2233-24,r_1_s_100_fcleaner_merge,>BBIOP2233-24_r_1_s_100_BBIOP2233-24_fcleaner_merge,702309,AND96251.1,family:Scarabaeidae,null,31,null,null,0.0,8.0,1.51,1.0,0,13,0,0,0,51.36
BBIOP2266-24_r_1_s_100_BBIOP2266-24_fcleaner_merge,BBIOP2266-24,r_1_s_100_fcleaner_merge,>BBIOP2266-24_r_1_s_100_BBIOP2266-24_fcleaner_merge,1720622,WJR82112.1,genus:Amphimallon,null,1161,null,null,16.0,110.0,66.81,69.0,0,37,15,0,0,100.0
BBIOP2241-24_r_1.3_s_50_BBIOP2241-24_fcleaner_merge,BBIOP2241-24,r_1.3_s_50_fcleaner_merge,>BBIOP2241-24_r_1.3_s_50_BBIOP2241-24_fcleaner_merge,702309,AND96251.1,family:Scarabaeidae,null,114,null,null,0.0,33.0,3.84,2.0,0,156,2,0,0,67.25
BBIOP2279-24_r_1.5_s_50_BBIOP2279-24_fcleaner_merge,BBIOP2279-24,r_1.5_s_50_fcleaner_merge,>BBIOP2279-24_r_1.5_s_50_BBIOP2279-24_fcleaner_merge,1971888,XCN33691.1,subfamily:Melolonthinae,null,248,null,null,0.0,36.0,9.98,8.0,0,54,7,0,0,98.83
BBIOP2277-24_r_1.5_s_50_BBIOP2277-24_fcleaner_merge,BBIOP2277-24,r_1.5_s_50_fcleaner_merge,>BBIOP2277-24_r_1.5_s_50_BBIOP2277-24_fcleaner_merge,1971888,XCN33691.1,subfamily:Melolonthinae,null,44,null,null,0.0,16.0,1.67,1.0,0,13,1,0,0,56.34
BBIOP2271-24_r_1.5_s_50_BBIOP2271-24_fcleaner_merge,BBIOP2271-24,r_1.5_s_50_fcleaner_merge,>BBIOP2271-24_r_1.5_s_50_BBIOP2271-24_fcleaner_merge,1720622,WJR82112.1,genus:Amphimallon,null,1664,null,null,6.0,206.0,58.06,48.0,0,219,16,0,0,100.0
BBIOP2269-24_r_1.5_s_100_BBIOP2269-24_fcleaner_merge,BBIOP2269-24,r_1.5_s_100_fcleaner_merge,>BBIOP2269-24_r_1.5_s_100_BBIOP2269-24_fcleaner_merge,1720622,WJR82112.1,genus:Amphimallon,null,621,null,null,0.0,121.0,28.99,24.0,0,14,9,0,0,97.65
BBIOP2253-24_r_1_s_100_BBIOP2253-24_fcleaner_merge,BBIOP2253-24,r_1_s_100_fcleaner_merge,>BBIOP2253-24_r_1_s_100_BBIOP2253-24_fcleaner_merge,1720622,WJR82112.1,genus:Amphimallon,null,144,null,null,0.0,64.0,14.86,5.0,0,73,6,0,0,61.64
BBIOP2205-24_r_1_s_50_BBIOP2205-24_fcleaner_merge,BBIOP2205-24,r_1_s_50_fcleaner_merge,>BBIOP2205-24_r_1_s_50_BBIOP2205-24_fcleaner_merge,166353,AND96251.1,genus:Onthophagus,null,184,null,null,0.0,39.0,13.7,14.0,0,4,11,0,3,80.43
BBIOP2208-24_r_1_s_50_BBIOP2208-24_fcleaner_merge,BBIOP2208-24,r_1_s_50_fcleaner_merge,>BBIOP2208-24_r_1_s_50_BBIOP2208-24_fcleaner_merge,166359,AND96251.1,genus:Onthophagus,null,346,null,null,0.0,50.0,16.58,17.0,0,416,36,0,0,90.5
BBIOP2251-24_r_1_s_100_BBIOP2251-24_fcleaner_merge,BBIOP2251-24,r_1_s_100_fcleaner_merge,>BBIOP2251-24_r_1_s_100_BBIOP2251-24_fcleaner_merge,1720622,WJR82112.1,genus:Amphimallon,null,228,null,null,0.0,82.0,24.46,15.0,0,7,18,0,3,72.99
BBIOP2276-24_r_1.5_s_50_BBIOP2276-24_fcleaner_merge,BBIOP2276-24,r_1.5_s_50_fcleaner_merge,>BBIOP2276-24_r_1.5_s_50_BBIOP2276-24_fcleaner_merge,1971888,XCN33691.1,subfamily:Melolonthinae,null,260,null,null,0.0,34.0,10.25,9.0,0,28,4,0,0,99.03
BBIOP2262-24_r_1_s_100_BBIOP2262-24_fcleaner_merge,BBIOP2262-24,r_1_s_100_fcleaner_merge,>BBIOP2262-24_r_1_s_100_BBIOP2262-24_fcleaner_merge,1720622,WJR82112.1,genus:Amphimallon,null,1684,null,null,18.0,272.0,91.11,80.0,0,82,13,0,0,100.0
BBIOP2218-24_r_1_s_100_BBIOP2218-24_fcleaner_merge,BBIOP2218-24,r_1_s_100_fcleaner_merge,>BBIOP2218-24_r_1_s_100_BBIOP2218-24_fcleaner_merge,702309,AND96251.1,family:Scarabaeidae,null,165,null,null,0.0,40.0,7.89,6.0,0,79,4,0,0,85.47
BBIOP2260-24_r_1.5_s_50_BBIOP2260-24_fcleaner_merge,BBIOP2260-24,r_1.5_s_50_fcleaner_merge,>BBIOP2260-24_r_1.5_s_50_BBIOP2260-24_fcleaner_merge,1720622,WJR82112.1,genus:Amphimallon,null,234,null,null,0.0,22.0,6.95,6.0,0,38,4,0,0,91.78
BBIOP2195-24_r_1_s_100_BBIOP2195-24_fcleaner_merge,BBIOP2195-24,r_1_s_100_fcleaner_merge,>BBIOP2195-24_r_1_s_100_BBIOP2195-24_fcleaner_merge,166346,AND96329.1,genus:Onitis,null,530,null,null,0.0,67.0,25.85,22.0,0,415,45,0,0,99.03
BBIOP2238-24_r_1_s_100_BBIOP2238-24_fcleaner_merge,BBIOP2238-24,r_1_s_100_fcleaner_merge,>BBIOP2238-24_r_1_s_100_BBIOP2238-24_fcleaner_merge,702309,AND96251.1,family:Scarabaeidae,null,38,null,null,0.0,14.0,3.07,0.0,0,215,5,0,0,47.48
BBIOP2205-24_r_1.3_s_100_BBIOP2205-24_fcleaner_merge,BBIOP2205-24,r_1.3_s_100_fcleaner_merge,>BBIOP2205-24_r_1.3_s_100_BBIOP2205-24_fcleaner_merge,166353,AND96251.1,genus:Onthophagus,null,7,null,null,0.0,7.0,0.48,0.0,0,0,0,0,0,7.95
BBIOP2204-24_r_1.3_s_50_BBIOP2204-24_fcleaner_merge,BBIOP2204-24,r_1.3_s_50_fcleaner_merge,>BBIOP2204-24_r_1.3_s_50_BBIOP2204-24_fcleaner_merge,1541080,AND96251.1,genus:Onthophagus,null,36,null,null,0.0,14.0,1.82,0.0,0,10,0,0,0,44.19
BBIOP2266-24_r_1.5_s_50_BBIOP2266-24_fcleaner_merge,BBIOP2266-24,r_1.5_s_50_fcleaner_merge,>BBIOP2266-24_r_1.5_s_50_BBIOP2266-24_fcleaner_merge,1720622,WJR82112.1,genus:Amphimallon,null,1790,null,null,15.0,155.0,82.86,82.0,0,55,17,0,0,100.0
BBIOP2265-24_r_1.5_s_50_BBIOP2265-24_fcleaner_merge,BBIOP2265-24,r_1.5_s_50_fcleaner_merge,>BBIOP2265-24_r_1.5_s_50_BBIOP2265-24_fcleaner_merge,1720622,WJR82112.1,genus:Amphimallon,null,1328,null,null,2.0,117.0,46.73,45.0,0,124,27,0,0,100.0
BBIOP2225-24_r_1.3_s_100_BBIOP2225-24_fcleaner_merge,BBIOP2225-24,r_1.3_s_100_fcleaner_merge,>BBIOP2225-24_r_1.3_s_100_BBIOP2225-24_fcleaner_merge,702309,AND96251.1,family:Scarabaeidae,null,1018,null,null,0.0,99.0,60.97,64.0,0,113,37,0,0,98.84
BBIOP2209-24_r_1.3_s_100_BBIOP2209-24_fcleaner_merge,BBIOP2209-24,r_1.3_s_100_fcleaner_merge,>BBIOP2209-24_r_1.3_s_100_BBIOP2209-24_fcleaner_merge,2722829,YP_010631648.1,family:Glaphyridae,null,58,null,null,0.0,13.0,3.17,3.0,0,57,2,0,0,78.47
BBIOP2243-24_r_1_s_100_BBIOP2243-24_fcleaner_merge,BBIOP2243-24,r_1_s_100_fcleaner_merge,>BBIOP2243-24_r_1_s_100_BBIOP2243-24_fcleaner_merge,702309,AND96251.1,family:Scarabaeidae,null,65959,null,null,0.0,7252.0,3636.32,3338.5,0,5617,877,0,0,99.03
BBIOP2249-24_r_1.5_s_100_BBIOP2249-24_fcleaner_merge,BBIOP2249-24,r_1.5_s_100_fcleaner_merge,>BBIOP2249-24_r_1.5_s_100_BBIOP2249-24_fcleaner_merge,1720622,WJR82112.1,genus:Amphimallon,null,58,null,null,0.0,15.0,2.91,2.0,0,6,1,0,0,76.71
BBIOP2188-24_r_1.5_s_100_BBIOP2188-24_fcleaner_merge,BBIOP2188-24,r_1.5_s_100_fcleaner_merge,>BBIOP2188-24_r_1.5_s_100_BBIOP2188-24_fcleaner_merge,166368,XPK45401.1,genus:Gymnopleurus,null,75,null,null,0.0,15.0,3.53,3.0,0,10,4,0,0,78.6
BBIOP2275-24_r_1.3_s_100_BBIOP2275-24_fcleaner_merge,BBIOP2275-24,r_1.3_s_100_fcleaner_merge,>BBIOP2275-24_r_1.3_s_100_BBIOP2275-24_fcleaner_merge,1971888,XCN33691.1,subfamily:Melolonthinae,null,298,null,null,0.0,73.0,13.19,9.0,0,175,4,0,0,91.81
BBIOP2188-24_r_1.3_s_50_BBIOP2188-24_fcleaner_merge,BBIOP2188-24,r_1.3_s_50_fcleaner_merge,>BBIOP2188-24_r_1.3_s_50_BBIOP2188-24_fcleaner_merge,166368,XPK45401.1,genus:Gymnopleurus,null,221,null,null,0.0,25.0,7.66,6.0,0,223,13,0,0,90.27
BBIOP2276-24_r_1_s_50_BBIOP2276-24_fcleaner_merge,BBIOP2276-24,r_1_s_50_fcleaner_merge,>BBIOP2276-24_r_1_s_50_BBIOP2276-24_fcleaner_merge,1971888,XCN33691.1,subfamily:Melolonthinae,null,267,null,null,0.0,28.0,10.02,8.0,0,147,10,0,0,94.74
BBIOP2211-24_r_1_s_50_BBIOP2211-24_fcleaner_merge,BBIOP2211-24,r_1_s_50_fcleaner_merge,>BBIOP2211-24_r_1_s_50_BBIOP2211-24_fcleaner_merge,2722828,YP_010631648.1,family:Glaphyridae,null,116,null,null,0.0,26.0,4.55,3.0,0,436,2,0,0,72.6
BBIOP2262-24_r_1.5_s_50_BBIOP2262-24_fcleaner_merge,BBIOP2262-24,r_1.5_s_50_fcleaner_merge,>BBIOP2262-24_r_1.5_s_50_BBIOP2262-24_fcleaner_merge,1720622,WJR82112.1,genus:Amphimallon,null,2767,null,null,3.0,329.0,119.23,105.0,0,232,15,0,0,100.0
BBIOP2270-24_r_1.3_s_50_BBIOP2270-24_fcleaner_merge,BBIOP2270-24,r_1.3_s_50_fcleaner_merge,>BBIOP2270-24_r_1.3_s_50_BBIOP2270-24_fcleaner_merge,1720622,WJR82112.1,genus:Amphimallon,null,587,null,null,0.0,103.0,19.54,15.0,0,408,30,0,0,93.54
BBIOP2252-24_r_1.3_s_50_BBIOP2252-24_fcleaner_merge,BBIOP2252-24,r_1.3_s_50_fcleaner_merge,>BBIOP2252-24_r_1.3_s_50_BBIOP2252-24_fcleaner_merge,1720622,WJR82112.1,genus:Amphimallon,null,2284,null,null,14.0,248.0,82.51,76.0,0,180,55,0,0,100.0
BBIOP2191-24_r_1.3_s_100_BBIOP2191-24_fcleaner_merge,BBIOP2191-24,r_1.3_s_100_fcleaner_merge,>BBIOP2191-24_r_1.3_s_100_BBIOP2191-24_fcleaner_merge,166340,AND96355.1,species:Bubas bubalus,null,2167,null,null,58.0,347.0,153.85,135.0,0,379,43,0,0,100.0
BBIOP2279-24_r_1.5_s_100_BBIOP2279-24_fcleaner_merge,BBIOP2279-24,r_1.5_s_100_fcleaner_merge,>BBIOP2279-24_r_1.5_s_100_BBIOP2279-24_fcleaner_merge,1971888,XCN33691.1,subfamily:Melolonthinae,null,122,null,null,0.0,27.0,6.14,5.0,0,21,3,0,0,93.18
BBIOP2220-24_r_1.3_s_100_BBIOP2220-24_fcleaner_merge,BBIOP2220-24,r_1.3_s_100_fcleaner_merge,>BBIOP2220-24_r_1.3_s_100_BBIOP2220-24_fcleaner_merge,702309,AND96251.1,family:Scarabaeidae,null,90,null,null,0.0,17.0,4.54,4.0,0,10,5,0,0,87.02
BBIOP2221-24_r_1_s_50_BBIOP2221-24_fcleaner_merge,BBIOP2221-24,r_1_s_50_fcleaner_merge,>BBIOP2221-24_r_1_s_50_BBIOP2221-24_fcleaner_merge,702309,AND96251.1,family:Scarabaeidae,null,896,null,null,0.0,80.0,32.01,31.0,0,183,30,0,0,99.03
BBIOP2242-24_r_1.5_s_50_BBIOP2242-24_fcleaner_merge,BBIOP2242-24,r_1.5_s_50_fcleaner_merge,>BBIOP2242-24_r_1.5_s_50_BBIOP2242-24_fcleaner_merge,702309,AND96251.1,family:Scarabaeidae,null,4159,null,null,0.0,440.0,161.14,164.5,0,445,212,0,0,96.9
BBIOP2227-24_r_1.5_s_100_BBIOP2227-24_fcleaner_merge,BBIOP2227-24,r_1.5_s_100_fcleaner_merge,>BBIOP2227-24_r_1.5_s_100_BBIOP2227-24_fcleaner_merge,702309,AND96251.1,family:Scarabaeidae,null,14,null,null,0.0,8.0,0.57,0.0,0,0,0,0,0,15.7
BBIOP2252-24_r_1_s_50_BBIOP2252-24_fcleaner_merge,BBIOP2252-24,r_1_s_50_fcleaner_merge,>BBIOP2252-24_r_1_s_50_BBIOP2252-24_fcleaner_merge,1720622,WJR82112.1,genus:Amphimallon,null,2345,null,null,19.0,249.0,84.71,80.0,0,247,61,0,0,100.0
BBIOP2261-24_r_1_s_100_BBIOP2261-24_fcleaner_merge,BBIOP2261-24,r_1_s_100_fcleaner_merge,>BBIOP2261-24_r_1_s_100_BBIOP2261-24_fcleaner_merge,1720622,WJR82112.1,genus:Amphimallon,null,163,null,null,0.0,39.0,9.04,7.0,0,652,9,0,0,73.58
BBIOP2197-24_r_1.3_s_100_BBIOP2197-24_fcleaner_merge,BBIOP2197-24,r_1.3_s_100_fcleaner_merge,>BBIOP2197-24_r_1.3_s_100_BBIOP2197-24_fcleaner_merge,166365,AND96251.1,tribe:Onthophagini,null,2148,null,null,2.0,298.0,136.95,131.0,0,343,48,0,0,100.0
BBIOP2278-24_r_1.3_s_50_BBIOP2278-24_fcleaner_merge,BBIOP2278-24,r_1.3_s_50_fcleaner_merge,>BBIOP2278-24_r_1.3_s_50_BBIOP2278-24_fcleaner_merge,1971888,XCN33691.1,subfamily:Melolonthinae,null,1066,null,null,13.0,91.0,43.16,41.0,0,258,26,0,0,100.0
BBIOP2238-24_r_1.5_s_50_BBIOP2238-24_fcleaner_merge,BBIOP2238-24,r_1.5_s_50_fcleaner_merge,>BBIOP2238-24_r_1.5_s_50_BBIOP2238-24_fcleaner_merge,702309,AND96251.1,family:Scarabaeidae,null,170,null,null,0.0,18.0,6.09,5.0,0,92,10,0,0,84.88
BBIOP2191-24_r_1_s_100_BBIOP2191-24_fcleaner_merge,BBIOP2191-24,r_1_s_100_fcleaner_merge,>BBIOP2191-24_r_1_s_100_BBIOP2191-24_fcleaner_merge,166340,AND96355.1,species:Bubas bubalus,null,2167,null,null,58.0,347.0,153.85,135.0,0,381,43,0,0,100.0
BBIOP2248-24_r_1.3_s_100_BBIOP2248-24_fcleaner_merge,BBIOP2248-24,r_1.3_s_100_fcleaner_merge,>BBIOP2248-24_r_1.3_s_100_BBIOP2248-24_fcleaner_merge,1720622,WJR82112.1,genus:Amphimallon,null,94,null,null,0.0,15.0,4.48,3.0,0,6,1,0,0,77.89
BBIOP2186-24_r_1.5_s_100_BBIOP2186-24_fcleaner_merge,BBIOP2186-24,r_1.5_s_100_fcleaner_merge,>BBIOP2186-24_r_1.5_s_100_BBIOP2186-24_fcleaner_merge,1172027,AND96251.1,subfamily:Scarabaeinae,null,389,null,null,0.0,67.0,17.81,17.0,0,47,3,0,0,92.83
BBIOP2244-24_r_1.3_s_50_BBIOP2244-24_fcleaner_merge,BBIOP2244-24,r_1.3_s_50_fcleaner_merge,>BBIOP2244-24_r_1.3_s_50_BBIOP2244-24_fcleaner_merge,702309,AND96251.1,family:Scarabaeidae,null,355,null,null,0.0,46.0,12.7,12.0,0,96,7,0,0,98.84
BBIOP2241-24_r_1_s_100_BBIOP2241-24_fcleaner_merge,BBIOP2241-24,r_1_s_100_fcleaner_merge,>BBIOP2241-24_r_1_s_100_BBIOP2241-24_fcleaner_merge,702309,AND96251.1,family:Scarabaeidae,null,188,null,null,0.0,58.0,18.3,18.0,0,38,10,0,3,73.84
BBIOP2243-24_r_1.3_s_50_BBIOP2243-24_fcleaner_merge,BBIOP2243-24,r_1.3_s_50_fcleaner_merge,>BBIOP2243-24_r_1.3_s_50_BBIOP2243-24_fcleaner_merge,702309,AND96251.1,family:Scarabaeidae,null,117984,null,null,0.0,11585.0,5223.27,4883.0,0,14789,1288,0,0,99.03
BBIOP2258-24_r_1.5_s_100_BBIOP2258-24_fcleaner_merge,BBIOP2258-24,r_1.5_s_100_fcleaner_merge,>BBIOP2258-24_r_1.5_s_100_BBIOP2258-24_fcleaner_merge,1720622,WJR82112.1,genus:Amphimallon,null,423,null,null,0.0,98.0,35.08,36.0,0,80,13,0,0,96.48
BBIOP2201-24_r_1.5_s_50_BBIOP2201-24_fcleaner_merge,BBIOP2201-24,r_1.5_s_50_fcleaner_merge,>BBIOP2201-24_r_1.5_s_50_BBIOP2201-24_fcleaner_merge,166350,AND96251.1,genus:Onthophagus,null,2696,null,null,0.0,763.0,124.67,87.0,0,1855,175,0,0,99.22
BBIOP2234-24_r_1.3_s_100_BBIOP2234-24_fcleaner_merge,BBIOP2234-24,r_1.3_s_100_fcleaner_merge,>BBIOP2234-24_r_1.3_s_100_BBIOP2234-24_fcleaner_merge,702309,AND96251.1,family:Scarabaeidae,null,1,null,null,0.0,1.0,0.05,0.0,0,0,0,0,0,5.23
BBIOP2268-24_r_1.5_s_50_BBIOP2268-24_fcleaner_merge,BBIOP2268-24,r_1.5_s_50_fcleaner_merge,>BBIOP2268-24_r_1.5_s_50_BBIOP2268-24_fcleaner_merge,1720622,WJR82112.1,genus:Amphimallon,null,165376,null,null,263.0,12518.0,6595.83,6698.0,0,17420,1425,0,0,100.0
BBIOP2206-24_r_1.5_s_100_BBIOP2206-24_fcleaner_merge,BBIOP2206-24,r_1.5_s_100_fcleaner_merge,>BBIOP2206-24_r_1.5_s_100_BBIOP2206-24_fcleaner_merge,166353,AND96251.1,genus:Onthophagus,null,67,null,null,0.0,19.0,3.8,2.0,0,48,4,0,0,79.07
BBIOP2237-24_r_1.5_s_50_BBIOP2237-24_fcleaner_merge,BBIOP2237-24,r_1.5_s_50_fcleaner_merge,>BBIOP2237-24_r_1.5_s_50_BBIOP2237-24_fcleaner_merge,702309,AND96251.1,family:Scarabaeidae,null,551,null,null,0.0,52.0,18.29,17.0,0,97,11,0,0,90.5
BBIOP2251-24_r_1.5_s_100_BBIOP2251-24_fcleaner_merge,BBIOP2251-24,r_1.5_s_100_fcleaner_merge,>BBIOP2251-24_r_1.5_s_100_BBIOP2251-24_fcleaner_merge,1720622,WJR82112.1,genus:Amphimallon,null,5,null,null,0.0,5.0,0.28,0.0,0,0,0,0,0,6.46
BBIOP2224-24_r_1.5_s_50_BBIOP2224-24_fcleaner_merge,BBIOP2224-24,r_1.5_s_50_fcleaner_merge,>BBIOP2224-24_r_1.5_s_50_BBIOP2224-24_fcleaner_merge,702309,AND96251.1,family:Scarabaeidae,null,404,null,null,0.0,68.0,12.35,9.0,0,94,17,0,0,89.73
BBIOP2224-24_r_1_s_100_BBIOP2224-24_fcleaner_merge,BBIOP2224-24,r_1_s_100_fcleaner_merge,>BBIOP2224-24_r_1_s_100_BBIOP2224-24_fcleaner_merge,702309,AND96251.1,family:Scarabaeidae,null,51,null,null,0.0,22.0,4.23,0.0,0,117,2,0,0,41.67
BBIOP2203-24_r_1.5_s_50_BBIOP2203-24_fcleaner_merge,BBIOP2203-24,r_1.5_s_50_fcleaner_merge,>BBIOP2203-24_r_1.5_s_50_BBIOP2203-24_fcleaner_merge,1541080,AND96251.1,genus:Onthophagus,null,26,null,null,0.0,7.0,0.9,0.0,0,94,0,0,0,26.16
BBIOP2258-24_r_1.3_s_100_BBIOP2258-24_fcleaner_merge,BBIOP2258-24,r_1.3_s_100_fcleaner_merge,>BBIOP2258-24_r_1.3_s_100_BBIOP2258-24_fcleaner_merge,1720622,WJR82112.1,genus:Amphimallon,null,644,null,null,0.0,117.0,56.46,56.0,0,110,16,0,0,99.02
BBIOP2250-24_r_1.5_s_100_BBIOP2250-24_fcleaner_merge,BBIOP2250-24,r_1.5_s_100_fcleaner_merge,>BBIOP2250-24_r_1.5_s_100_BBIOP2250-24_fcleaner_merge,1720622,WJR82112.1,genus:Amphimallon,null,34,null,null,0.0,9.0,1.74,1.0,0,4,0,0,0,57.34
BBIOP2262-24_r_1_s_50_BBIOP2262-24_fcleaner_merge,BBIOP2262-24,r_1_s_50_fcleaner_merge,>BBIOP2262-24_r_1_s_50_BBIOP2262-24_fcleaner_merge,1720622,WJR82112.1,genus:Amphimallon,null,3383,null,null,34.0,332.0,144.58,135.0,0,411,31,0,0,100.0
BBIOP2248-24_r_1.5_s_100_BBIOP2248-24_fcleaner_merge,BBIOP2248-24,r_1.5_s_100_fcleaner_merge,>BBIOP2248-24_r_1.5_s_100_BBIOP2248-24_fcleaner_merge,1720622,WJR82112.1,genus:Amphimallon,null,88,null,null,0.0,13.0,4.19,3.0,0,8,1,0,0,71.62
BBIOP2265-24_r_1_s_50_BBIOP2265-24_fcleaner_merge,BBIOP2265-24,r_1_s_50_fcleaner_merge,>BBIOP2265-24_r_1_s_50_BBIOP2265-24_fcleaner_merge,1720622,WJR82112.1,genus:Amphimallon,null,1796,null,null,5.0,157.0,65.46,65.0,0,556,124,0,0,100.0
BBIOP2199-24_r_1.3_s_100_BBIOP2199-24_fcleaner_merge,BBIOP2199-24,r_1.3_s_100_fcleaner_merge,>BBIOP2199-24_r_1.3_s_100_BBIOP2199-24_fcleaner_merge,166332,AND96251.1,genus:Onthophagus,null,1537,null,null,0.0,281.0,120.21,107.5,0,379,19,0,0,99.42
BBIOP2208-24_r_1.5_s_100_BBIOP2208-24_fcleaner_merge,BBIOP2208-24,r_1.5_s_100_fcleaner_merge,>BBIOP2208-24_r_1.5_s_100_BBIOP2208-24_fcleaner_merge,166359,AND96251.1,genus:Onthophagus,null,146,null,null,0.0,30.0,9.42,9.0,0,14,3,0,0,81.98
BBIOP2263-24_r_1_s_100_BBIOP2263-24_fcleaner_merge,BBIOP2263-24,r_1_s_100_fcleaner_merge,>BBIOP2263-24_r_1_s_100_BBIOP2263-24_fcleaner_merge,1720622,WJR82112.1,genus:Amphimallon,null,257,null,null,0.0,103.0,21.19,10.0,0,126,26,0,0,76.91
BBIOP2199-24_r_1_s_50_BBIOP2199-24_fcleaner_merge,BBIOP2199-24,r_1_s_50_fcleaner_merge,>BBIOP2199-24_r_1_s_50_BBIOP2199-24_fcleaner_merge,166332,AND96251.1,genus:Onthophagus,null,1770,null,null,0.0,294.0,128.12,117.5,0,452,23,0,0,99.42
BBIOP2259-24_r_1_s_50_BBIOP2259-24_fcleaner_merge,BBIOP2259-24,r_1_s_50_fcleaner_merge,>BBIOP2259-24_r_1_s_50_BBIOP2259-24_fcleaner_merge,1720622,WJR82112.1,genus:Amphimallon,null,260,null,null,0.0,88.0,21.39,12.0,0,225,11,0,3,83.56
BBIOP2269-24_r_1.5_s_50_BBIOP2269-24_fcleaner_merge,BBIOP2269-24,r_1.5_s_50_fcleaner_merge,>BBIOP2269-24_r_1.5_s_50_BBIOP2269-24_fcleaner_merge,1720622,WJR82112.1,genus:Amphimallon,null,2312,null,null,0.0,327.0,78.17,67.0,0,179,28,0,0,99.8
BBIOP2217-24_r_1.3_s_100_BBIOP2217-24_fcleaner_merge,BBIOP2217-24,r_1.3_s_100_fcleaner_merge,>BBIOP2217-24_r_1.3_s_100_BBIOP2217-24_fcleaner_merge,702309,AND96251.1,family:Scarabaeidae,null,193,null,null,0.0,25.0,9.43,9.0,0,26,5,0,0,91.28
BBIOP2273-24_r_1.3_s_100_BBIOP2273-24_fcleaner_merge,BBIOP2273-24,r_1.3_s_100_fcleaner_merge,>BBIOP2273-24_r_1.3_s_100_BBIOP2273-24_fcleaner_merge,1971888,XCN33691.1,subfamily:Melolonthinae,null,79,null,null,0.0,51.0,5.89,0.0,0,5,0,0,0,40.35
BBIOP2232-24_r_1.3_s_50_BBIOP2232-24_fcleaner_merge,BBIOP2232-24,r_1.3_s_50_fcleaner_merge,>BBIOP2232-24_r_1.3_s_50_BBIOP2232-24_fcleaner_merge,702309,AND96251.1,family:Scarabaeidae,null,651,null,null,0.0,64.0,31.71,31.0,0,65,10,0,0,99.03
BBIOP2254-24_r_1.3_s_50_BBIOP2254-24_fcleaner_merge,BBIOP2254-24,r_1.3_s_50_fcleaner_merge,>BBIOP2254-24_r_1.3_s_50_BBIOP2254-24_fcleaner_merge,1720622,WJR82112.1,genus:Amphimallon,null,390,null,null,0.0,89.0,13.32,10.0,0,84,5,0,0,88.26
BBIOP2230-24_r_1.3_s_50_BBIOP2230-24_fcleaner_merge,BBIOP2230-24,r_1.3_s_50_fcleaner_merge,>BBIOP2230-24_r_1.3_s_50_BBIOP2230-24_fcleaner_merge,702309,AND96251.1,family:Scarabaeidae,null,174,null,null,0.0,19.0,6.16,6.0,0,50,13,0,0,94.19
BBIOP2218-24_r_1.5_s_100_BBIOP2218-24_fcleaner_merge,BBIOP2218-24,r_1.5_s_100_fcleaner_merge,>BBIOP2218-24_r_1.5_s_100_BBIOP2218-24_fcleaner_merge,702309,AND96251.1,family:Scarabaeidae,null,159,null,null,0.0,40.0,7.08,4.0,0,32,2,0,0,77.91
BBIOP2233-24_r_1_s_50_BBIOP2233-24_fcleaner_merge,BBIOP2233-24,r_1_s_50_fcleaner_merge,>BBIOP2233-24_r_1_s_50_BBIOP2233-24_fcleaner_merge,702309,AND96251.1,family:Scarabaeidae,null,225,null,null,0.0,20.0,7.34,6.0,0,43,10,0,0,94.96
BBIOP2231-24_r_1_s_100_BBIOP2231-24_fcleaner_merge,BBIOP2231-24,r_1_s_100_fcleaner_merge,>BBIOP2231-24_r_1_s_100_BBIOP2231-24_fcleaner_merge,702309,AND96251.1,family:Scarabaeidae,null,475,null,null,0.0,60.0,27.32,27.0,0,73,7,0,0,98.84
BBIOP2204-24_r_1.3_s_100_BBIOP2204-24_fcleaner_merge,BBIOP2204-24,r_1.3_s_100_fcleaner_merge,>BBIOP2204-24_r_1.3_s_100_BBIOP2204-24_fcleaner_merge,1541080,AND96251.1,genus:Onthophagus,null,13,null,null,0.0,7.0,1.11,0.0,0,3,0,0,0,31.01
BBIOP2230-24_r_1.5_s_50_BBIOP2230-24_fcleaner_merge,BBIOP2230-24,r_1.5_s_50_fcleaner_merge,>BBIOP2230-24_r_1.5_s_50_BBIOP2230-24_fcleaner_merge,702309,AND96251.1,family:Scarabaeidae,null,136,null,null,0.0,14.0,4.86,4.0,0,16,9,0,0,86.82
BBIOP2241-24_r_1.3_s_100_BBIOP2241-24_fcleaner_merge,BBIOP2241-24,r_1.3_s_100_fcleaner_merge,>BBIOP2241-24_r_1.3_s_100_BBIOP2241-24_fcleaner_merge,702309,AND96251.1,family:Scarabaeidae,null,14,null,null,0.0,5.0,0.91,0.0,0,53,1,0,0,37.21
BBIOP2197-24_r_1.3_s_50_BBIOP2197-24_fcleaner_merge,BBIOP2197-24,r_1.3_s_50_fcleaner_merge,>BBIOP2197-24_r_1.3_s_50_BBIOP2197-24_fcleaner_merge,166365,AND96251.1,tribe:Onthophagini,null,2754,null,null,2.0,347.0,157.02,153.0,0,585,59,0,0,100.0
BBIOP2268-24_r_1.3_s_50_BBIOP2268-24_fcleaner_merge,BBIOP2268-24,r_1.3_s_50_fcleaner_merge,>BBIOP2268-24_r_1.3_s_50_BBIOP2268-24_fcleaner_merge,1720622,WJR82112.1,genus:Amphimallon,null,173420,null,null,1088.0,12765.0,6916.27,7009.0,0,21116,1597,0,0,100.0
BBIOP2268-24_r_1.3_s_100_BBIOP2268-24_fcleaner_merge,BBIOP2268-24,r_1.3_s_100_fcleaner_merge,>BBIOP2268-24_r_1.3_s_100_BBIOP2268-24_fcleaner_merge,1720622,WJR82112.1,genus:Amphimallon,null,77082,null,null,1054.0,6523.0,3980.15,3923.0,0,4752,837,0,0,100.0
BBIOP2235-24_r_1.3_s_100_BBIOP2235-24_fcleaner_merge,BBIOP2235-24,r_1.3_s_100_fcleaner_merge,>BBIOP2235-24_r_1.3_s_100_BBIOP2235-24_fcleaner_merge,702309,AND96251.1,family:Scarabaeidae,null,278,null,null,0.0,36.0,13.9,13.0,0,36,7,0,0,96.32
BBIOP2198-24_r_1_s_50_BBIOP2198-24_fcleaner_merge,BBIOP2198-24,r_1_s_50_fcleaner_merge,>BBIOP2198-24_r_1_s_50_BBIOP2198-24_fcleaner_merge,166365,AND96251.1,tribe:Onthophagini,null,18708,null,null,0.0,2015.0,1312.71,1280.0,0,2602,188,0,0,99.22
BBIOP2263-24_r_1_s_50_BBIOP2263-24_fcleaner_merge,BBIOP2263-24,r_1_s_50_fcleaner_merge,>BBIOP2263-24_r_1_s_50_BBIOP2263-24_fcleaner_merge,1720622,WJR82112.1,genus:Amphimallon,null,2319,null,null,0.0,874.0,65.6,40.0,0,1820,120,0,0,99.41
BBIOP2267-24_r_1.3_s_50_BBIOP2267-24_fcleaner_merge,BBIOP2267-24,r_1.3_s_50_fcleaner_merge,>BBIOP2267-24_r_1.3_s_50_BBIOP2267-24_fcleaner_merge,1720622,WJR82112.1,genus:Amphimallon,null,3204,null,null,1.0,467.0,111.73,104.0,0,472,15,0,0,100.0
BBIOP2219-24_r_1_s_50_BBIOP2219-24_fcleaner_merge,BBIOP2219-24,r_1_s_50_fcleaner_merge,>BBIOP2219-24_r_1_s_50_BBIOP2219-24_fcleaner_merge,702309,AND96251.1,family:Scarabaeidae,null,653,null,null,0.0,49.0,26.38,25.0,0,221,28,0,0,99.03
BBIOP2211-24_r_1_s_100_BBIOP2211-24_fcleaner_merge,BBIOP2211-24,r_1_s_100_fcleaner_merge,>BBIOP2211-24_r_1_s_100_BBIOP2211-24_fcleaner_merge,2722828,YP_010631648.1,family:Glaphyridae,null,72,null,null,0.0,30.0,7.1,6.0,0,148,6,0,3,71.62
BBIOP2235-24_r_1.3_s_50_BBIOP2235-24_fcleaner_merge,BBIOP2235-24,r_1.3_s_50_fcleaner_merge,>BBIOP2235-24_r_1.3_s_50_BBIOP2235-24_fcleaner_merge,702309,AND96251.1,family:Scarabaeidae,null,718,null,null,0.0,68.0,27.54,27.0,0,107,22,0,0,96.32
BBIOP2201-24_r_1.5_s_100_BBIOP2201-24_fcleaner_merge,BBIOP2201-24,r_1.5_s_100_fcleaner_merge,>BBIOP2201-24_r_1.5_s_100_BBIOP2201-24_fcleaner_merge,166350,AND96251.1,genus:Onthophagus,null,1534,null,null,0.0,345.0,96.48,58.0,0,811,111,0,0,99.22
BBIOP2256-24_r_1_s_100_BBIOP2256-24_fcleaner_merge,BBIOP2256-24,r_1_s_100_fcleaner_merge,>BBIOP2256-24_r_1_s_100_BBIOP2256-24_fcleaner_merge,1720622,WJR82112.1,genus:Amphimallon,null,137,null,null,0.0,63.0,14.78,8.0,0,16,5,0,3,66.54
BBIOP2200-24_r_1.5_s_50_BBIOP2200-24_fcleaner_merge,BBIOP2200-24,r_1.5_s_50_fcleaner_merge,>BBIOP2200-24_r_1.5_s_50_BBIOP2200-24_fcleaner_merge,166332,AND96251.1,genus:Onthophagus,null,448,null,null,0.0,59.0,21.14,20.0,0,346,9,0,0,99.81
BBIOP2236-24_r_1.5_s_50_BBIOP2236-24_fcleaner_merge,BBIOP2236-24,r_1.5_s_50_fcleaner_merge,>BBIOP2236-24_r_1.5_s_50_BBIOP2236-24_fcleaner_merge,702309,AND96251.1,family:Scarabaeidae,null,386,null,null,0.0,43.0,13.92,14.0,0,57,14,0,0,90.89
BBIOP2214-24_r_1_s_100_BBIOP2214-24_fcleaner_merge,BBIOP2214-24,r_1_s_100_fcleaner_merge,>BBIOP2214-24_r_1_s_100_BBIOP2214-24_fcleaner_merge,702309,AND96251.1,family:Scarabaeidae,null,46,null,null,0.0,19.0,3.66,0.0,0,130,2,0,0,48.06
BBIOP2272-24_r_1_s_100_BBIOP2272-24_fcleaner_merge,BBIOP2272-24,r_1_s_100_fcleaner_merge,>BBIOP2272-24_r_1_s_100_BBIOP2272-24_fcleaner_merge,1971888,XCN33691.1,subfamily:Melolonthinae,null,126,null,null,0.0,69.0,11.02,7.0,0,13,9,0,6,74.07
BBIOP2272-24_r_1.5_s_100_BBIOP2272-24_fcleaner_merge,BBIOP2272-24,r_1.5_s_100_fcleaner_merge,>BBIOP2272-24_r_1.5_s_100_BBIOP2272-24_fcleaner_merge,1971888,XCN33691.1,subfamily:Melolonthinae,null,5,null,null,0.0,3.0,0.34,0.0,0,23,0,0,0,13.06
BBIOP2271-24_r_1.5_s_100_BBIOP2271-24_fcleaner_merge,BBIOP2271-24,r_1.5_s_100_fcleaner_merge,>BBIOP2271-24_r_1.5_s_100_BBIOP2271-24_fcleaner_merge,1720622,WJR82112.1,genus:Amphimallon,null,484,null,null,0.0,76.0,23.01,19.0,0,36,7,0,0,98.24
BBIOP2200-24_r_1_s_100_BBIOP2200-24_fcleaner_merge,BBIOP2200-24,r_1_s_100_fcleaner_merge,>BBIOP2200-24_r_1_s_100_BBIOP2200-24_fcleaner_merge,166332,AND96251.1,genus:Onthophagus,null,152,null,null,0.0,24.0,8.49,7.0,0,555,2,0,0,80.43
BBIOP2249-24_r_1.3_s_100_BBIOP2249-24_fcleaner_merge,BBIOP2249-24,r_1.3_s_100_fcleaner_merge,>BBIOP2249-24_r_1.3_s_100_BBIOP2249-24_fcleaner_merge,1720622,WJR82112.1,genus:Amphimallon,null,55,null,null,0.0,15.0,2.77,2.0,0,19,2,0,0,79.45
BBIOP2259-24_r_1.3_s_100_BBIOP2259-24_fcleaner_merge,BBIOP2259-24,r_1.3_s_100_fcleaner_merge,>BBIOP2259-24_r_1.3_s_100_BBIOP2259-24_fcleaner_merge,1720622,WJR82112.1,genus:Amphimallon,null,17,null,null,0.0,7.0,1.33,0.0,0,46,0,0,0,40.9
BBIOP2217-24_r_1_s_100_BBIOP2217-24_fcleaner_merge,BBIOP2217-24,r_1_s_100_fcleaner_merge,>BBIOP2217-24_r_1_s_100_BBIOP2217-24_fcleaner_merge,702309,AND96251.1,family:Scarabaeidae,null,133,null,null,0.0,23.0,6.24,5.0,0,135,1,0,0,86.63
BBIOP2265-24_r_1.3_s_100_BBIOP2265-24_fcleaner_merge,BBIOP2265-24,r_1.3_s_100_fcleaner_merge,>BBIOP2265-24_r_1.3_s_100_BBIOP2265-24_fcleaner_merge,1720622,WJR82112.1,genus:Amphimallon,null,478,null,null,3.0,58.0,23.48,20.0,0,52,22,0,0,100.0
BBIOP2256-24_r_1.5_s_50_BBIOP2256-24_fcleaner_merge,BBIOP2256-24,r_1.5_s_50_fcleaner_merge,>BBIOP2256-24_r_1.5_s_50_BBIOP2256-24_fcleaner_merge,1720622,WJR82112.1,genus:Amphimallon,null,54,null,null,0.0,10.0,1.91,0.0,0,22,2,0,0,49.51
BBIOP2232-24_r_1.5_s_100_BBIOP2232-24_fcleaner_merge,BBIOP2232-24,r_1.5_s_100_fcleaner_merge,>BBIOP2232-24_r_1.5_s_100_BBIOP2232-24_fcleaner_merge,702309,AND96251.1,family:Scarabaeidae,null,338,null,null,0.0,41.0,20.57,21.0,0,16,5,0,0,90.5
BBIOP2194-24_r_1_s_50_BBIOP2194-24_fcleaner_merge,BBIOP2194-24,r_1_s_50_fcleaner_merge,>BBIOP2194-24_r_1_s_50_BBIOP2194-24_fcleaner_merge,166346,AND96329.1,genus:Onitis,null,1780,null,null,0.0,310.0,79.34,72.0,0,460,128,0,0,99.81
BBIOP2266-24_r_1_s_50_BBIOP2266-24_fcleaner_merge,BBIOP2266-24,r_1_s_50_fcleaner_merge,>BBIOP2266-24_r_1_s_50_BBIOP2266-24_fcleaner_merge,1720622,WJR82112.1,genus:Amphimallon,null,2118,null,null,43.0,212.0,96.59,94.0,0,127,44,0,0,100.0
BBIOP2229-24_r_1_s_50_BBIOP2229-24_fcleaner_merge,BBIOP2229-24,r_1_s_50_fcleaner_merge,>BBIOP2229-24_r_1_s_50_BBIOP2229-24_fcleaner_merge,702309,AND96251.1,family:Scarabaeidae,null,228,null,null,0.0,21.0,7.98,7.0,0,53,8,0,0,97.48
BBIOP2249-24_r_1.3_s_50_BBIOP2249-24_fcleaner_merge,BBIOP2249-24,r_1.3_s_50_fcleaner_merge,>BBIOP2249-24_r_1.3_s_50_BBIOP2249-24_fcleaner_merge,1720622,WJR82112.1,genus:Amphimallon,null,222,null,null,0.0,22.0,7.86,7.0,0,84,2,0,0,96.67
BBIOP2204-24_r_1.5_s_100_BBIOP2204-24_fcleaner_merge,BBIOP2204-24,r_1.5_s_100_fcleaner_merge,>BBIOP2204-24_r_1.5_s_100_BBIOP2204-24_fcleaner_merge,1541080,AND96251.1,genus:Onthophagus,null,8,null,null,0.0,4.0,0.63,0.0,0,0,0,0,0,21.12
BBIOP2220-24_r_1.5_s_50_BBIOP2220-24_fcleaner_merge,BBIOP2220-24,r_1.5_s_50_fcleaner_merge,>BBIOP2220-24_r_1.5_s_50_BBIOP2220-24_fcleaner_merge,702309,AND96251.1,family:Scarabaeidae,null,205,null,null,0.0,20.0,7.83,8.0,0,34,13,0,0,93.02
BBIOP2278-24_r_1_s_50_BBIOP2278-24_fcleaner_merge,BBIOP2278-24,r_1_s_50_fcleaner_merge,>BBIOP2278-24_r_1_s_50_BBIOP2278-24_fcleaner_merge,1971888,XCN33691.1,subfamily:Melolonthinae,null,1089,null,null,14.0,91.0,44.04,42.0,0,298,30,0,0,100.0
BBIOP2200-24_r_1.3_s_50_BBIOP2200-24_fcleaner_merge,BBIOP2200-24,r_1.3_s_50_fcleaner_merge,>BBIOP2200-24_r_1.3_s_50_BBIOP2200-24_fcleaner_merge,166332,AND96251.1,genus:Onthophagus,null,489,null,null,0.0,61.0,22.66,22.0,0,430,10,0,0,99.81
BBIOP2237-24_r_1.3_s_100_BBIOP2237-24_fcleaner_merge,BBIOP2237-24,r_1.3_s_100_fcleaner_merge,>BBIOP2237-24_r_1.3_s_100_BBIOP2237-24_fcleaner_merge,702309,AND96251.1,family:Scarabaeidae,null,173,null,null,0.0,41.0,7.78,6.0,0,21,4,0,0,83.91
BBIOP2260-24_r_1.3_s_100_BBIOP2260-24_fcleaner_merge,BBIOP2260-24,r_1.3_s_100_fcleaner_merge,>BBIOP2260-24_r_1.3_s_100_BBIOP2260-24_fcleaner_merge,1720622,WJR82112.1,genus:Amphimallon,null,11,null,null,0.0,6.0,0.5,0.0,0,44,0,0,0,26.03
BBIOP2264-24_r_1.3_s_100_BBIOP2264-24_fcleaner_merge,BBIOP2264-24,r_1.3_s_100_fcleaner_merge,>BBIOP2264-24_r_1.3_s_100_BBIOP2264-24_fcleaner_merge,1720622,WJR82112.1,genus:Amphimallon,null,526,null,null,0.0,76.0,23.42,21.0,0,39,9,0,0,96.48
BBIOP2247-24_r_1.3_s_50_BBIOP2247-24_fcleaner_merge,BBIOP2247-24,r_1.3_s_50_fcleaner_merge,>BBIOP2247-24_r_1.3_s_50_BBIOP2247-24_fcleaner_merge,1720622,WJR82112.1,genus:Amphimallon,null,7213,null,null,143.0,734.0,425.51,410.0,0,505,50,0,0,100.0
BBIOP2249-24_r_1_s_50_BBIOP2249-24_fcleaner_merge,BBIOP2249-24,r_1_s_50_fcleaner_merge,>BBIOP2249-24_r_1_s_50_BBIOP2249-24_fcleaner_merge,1720622,WJR82112.1,genus:Amphimallon,null,205,null,null,0.0,22.0,7.12,6.0,0,161,3,0,0,91.19
BBIOP2216-24_r_1.3_s_50_BBIOP2216-24_fcleaner_merge,BBIOP2216-24,r_1.3_s_50_fcleaner_merge,>BBIOP2216-24_r_1.3_s_50_BBIOP2216-24_fcleaner_merge,702309,AND96251.1,family:Scarabaeidae,null,204,null,null,0.0,37.0,7.43,5.0,0,109,4,0,0,90.12
BBIOP2196-24_r_1.5_s_100_BBIOP2196-24_fcleaner_merge,BBIOP2196-24,r_1.5_s_100_fcleaner_merge,>BBIOP2196-24_r_1.5_s_100_BBIOP2196-24_fcleaner_merge,166343,AND96617.1,genus:Euoniticellus,null,4057,null,null,0.0,720.0,215.97,172.5,0,1203,31,0,0,99.81
BBIOP2280-24_r_1.5_s_50_BBIOP2280-24_fcleaner_merge,BBIOP2280-24,r_1.5_s_50_fcleaner_merge,>BBIOP2280-24_r_1.5_s_50_BBIOP2280-24_fcleaner_merge,1971888,XCN33691.1,subfamily:Melolonthinae,null,1726,null,null,0.0,360.0,60.36,51.0,0,143,12,0,0,99.81
BBIOP2218-24_r_1.3_s_50_BBIOP2218-24_fcleaner_merge,BBIOP2218-24,r_1.3_s_50_fcleaner_merge,>BBIOP2218-24_r_1.3_s_50_BBIOP2218-24_fcleaner_merge,702309,AND96251.1,family:Scarabaeidae,null,659,null,null,0.0,87.0,23.01,20.0,0,167,16,0,0,96.32
BBIOP2189-24_r_1.5_s_100_BBIOP2189-24_fcleaner_merge,BBIOP2189-24,r_1.5_s_100_fcleaner_merge,>BBIOP2189-24_r_1.5_s_100_BBIOP2189-24_fcleaner_merge,206731,YP_009729770.1,genus:Copris,null,3126,null,null,182.0,413.0,317.72,319.0,0,69,55,0,0,100.0
BBIOP2213-24_r_1.5_s_100_BBIOP2213-24_fcleaner_merge,BBIOP2213-24,r_1.5_s_100_fcleaner_merge,>BBIOP2213-24_r_1.5_s_100_BBIOP2213-24_fcleaner_merge,2722830,YP_010631648.1,family:Glaphyridae,null,1847,null,null,0.0,287.0,97.42,88.0,0,82,15,0,0,91.39
BBIOP2236-24_r_1.3_s_100_BBIOP2236-24_fcleaner_merge,BBIOP2236-24,r_1.3_s_100_fcleaner_merge,>BBIOP2236-24_r_1.3_s_100_BBIOP2236-24_fcleaner_merge,702309,AND96251.1,family:Scarabaeidae,null,141,null,null,0.0,27.0,7.58,7.0,0,61,7,0,0,95.93
BBIOP2250-24_r_1_s_50_BBIOP2250-24_fcleaner_merge,BBIOP2250-24,r_1_s_50_fcleaner_merge,>BBIOP2250-24_r_1_s_50_BBIOP2250-24_fcleaner_merge,1720622,WJR82112.1,genus:Amphimallon,null,114,null,null,0.0,15.0,4.05,4.0,0,181,5,0,0,90.8
BBIOP2204-24_r_1_s_50_BBIOP2204-24_fcleaner_merge,BBIOP2204-24,r_1_s_50_fcleaner_merge,>BBIOP2204-24_r_1_s_50_BBIOP2204-24_fcleaner_merge,1541080,AND96251.1,genus:Onthophagus,null,128,null,null,0.0,25.0,8.45,8.0,0,11,8,0,0,76.94
BBIOP2242-24_r_1_s_100_BBIOP2242-24_fcleaner_merge,BBIOP2242-24,r_1_s_100_fcleaner_merge,>BBIOP2242-24_r_1_s_100_BBIOP2242-24_fcleaner_merge,702309,AND96251.1,family:Scarabaeidae,null,1927,null,null,0.0,258.0,97.22,95.0,0,281,95,0,0,99.03
BBIOP2253-24_r_1.5_s_100_BBIOP2253-24_fcleaner_merge,BBIOP2253-24,r_1.5_s_100_fcleaner_merge,>BBIOP2253-24_r_1.5_s_100_BBIOP2253-24_fcleaner_merge,1720622,WJR82112.1,genus:Amphimallon,null,38,null,null,0.0,6.0,1.88,2.0,0,7,1,0,0,64.58
BBIOP2225-24_r_1_s_100_BBIOP2225-24_fcleaner_merge,BBIOP2225-24,r_1_s_100_fcleaner_merge,>BBIOP2225-24_r_1_s_100_BBIOP2225-24_fcleaner_merge,702309,AND96251.1,family:Scarabaeidae,null,1037,null,null,0.0,99.0,62.29,64.0,0,213,38,0,0,99.03
BBIOP2197-24_r_1.5_s_50_BBIOP2197-24_fcleaner_merge,BBIOP2197-24,r_1.5_s_50_fcleaner_merge,>BBIOP2197-24_r_1.5_s_50_BBIOP2197-24_fcleaner_merge,166365,AND96251.1,tribe:Onthophagini,null,2645,null,null,2.0,344.0,152.09,147.0,0,458,52,0,0,100.0
BBIOP2264-24_r_1.5_s_100_BBIOP2264-24_fcleaner_merge,BBIOP2264-24,r_1.5_s_100_fcleaner_merge,>BBIOP2264-24_r_1.5_s_100_BBIOP2264-24_fcleaner_merge,1720622,WJR82112.1,genus:Amphimallon,null,518,null,null,0.0,76.0,23.0,21.0,0,28,9,0,0,95.5
BBIOP2256-24_r_1.5_s_100_BBIOP2256-24_fcleaner_merge,BBIOP2256-24,r_1.5_s_100_fcleaner_merge,>BBIOP2256-24_r_1.5_s_100_BBIOP2256-24_fcleaner_merge,1720622,WJR82112.1,genus:Amphimallon,null,13,null,null,0.0,6.0,0.71,0.0,0,5,0,0,0,17.03
BBIOP2198-24_r_1.5_s_50_BBIOP2198-24_fcleaner_merge,BBIOP2198-24,r_1.5_s_50_fcleaner_merge,>BBIOP2198-24_r_1.5_s_50_BBIOP2198-24_fcleaner_merge,166365,AND96251.1,tribe:Onthophagini,null,18382,null,null,0.0,2003.0,1295.14,1277.5,0,1761,173,0,0,99.22
BBIOP2234-24_r_1_s_50_BBIOP2234-24_fcleaner_merge,BBIOP2234-24,r_1_s_50_fcleaner_merge,>BBIOP2234-24_r_1_s_50_BBIOP2234-24_fcleaner_merge,702309,AND96251.1,family:Scarabaeidae,null,8,null,null,0.0,4.0,0.33,0.0,0,20,0,0,0,13.37
BBIOP2223-24_r_1.5_s_50_BBIOP2223-24_fcleaner_merge,BBIOP2223-24,r_1.5_s_50_fcleaner_merge,>BBIOP2223-24_r_1.5_s_50_BBIOP2223-24_fcleaner_merge,702309,AND96251.1,family:Scarabaeidae,null,387,null,null,0.0,40.0,14.16,12.0,0,69,4,0,0,94.19
BBIOP2234-24_r_1.5_s_100_BBIOP2234-24_fcleaner,BBIOP2234-24,r_1.5_s_100_fcleaner_merge,null,702309,AND96251.1,family:Scarabaeidae,null,0,null,null,0.0,0.0,0.0,0.0,0,0,0,0,0,0.0
BBIOP2276-24_r_1.3_s_50_BBIOP2276-24_fcleaner_merge,BBIOP2276-24,r_1.3_s_50_fcleaner_merge,>BBIOP2276-24_r_1.3_s_50_BBIOP2276-24_fcleaner_merge,1971888,XCN33691.1,subfamily:Melolonthinae,null,295,null,null,0.0,34.0,11.23,10.0,0,29,9,0,0,99.61
BBIOP2227-24_r_1.3_s_100_BBIOP2227-24_fcleaner_merge,BBIOP2227-24,r_1.3_s_100_fcleaner_merge,>BBIOP2227-24_r_1.3_s_100_BBIOP2227-24_fcleaner_merge,702309,AND96251.1,family:Scarabaeidae,null,36,null,null,0.0,16.0,2.78,0.0,0,23,0,0,0,34.69
BBIOP2258-24_r_1_s_100_BBIOP2258-24_fcleaner_merge,BBIOP2258-24,r_1_s_100_fcleaner_merge,>BBIOP2258-24_r_1_s_100_BBIOP2258-24_fcleaner_merge,1720622,WJR82112.1,genus:Amphimallon,null,746,null,null,2.0,117.0,65.14,65.0,0,177,26,0,0,100.0
BBIOP2198-24_r_1.3_s_100_BBIOP2198-24_fcleaner_merge,BBIOP2198-24,r_1.3_s_100_fcleaner_merge,>BBIOP2198-24_r_1.3_s_100_BBIOP2198-24_fcleaner_merge,166365,AND96251.1,tribe:Onthophagini,null,16877,null,null,0.0,1928.0,1251.28,1237.0,0,1446,179,0,0,99.22
BBIOP2250-24_r_1.5_s_50_BBIOP2250-24_fcleaner_merge,BBIOP2250-24,r_1.5_s_50_fcleaner_merge,>BBIOP2250-24_r_1.5_s_50_BBIOP2250-24_fcleaner_merge,1720622,WJR82112.1,genus:Amphimallon,null,121,null,null,0.0,15.0,4.36,3.0,0,21,2,0,0,88.26
BBIOP2231-24_r_1.5_s_100_BBIOP2231-24_fcleaner_merge,BBIOP2231-24,r_1.5_s_100_fcleaner_merge,>BBIOP2231-24_r_1.5_s_100_BBIOP2231-24_fcleaner_merge,702309,AND96251.1,family:Scarabaeidae,null,451,null,null,0.0,60.0,25.41,26.0,0,16,3,0,0,93.22
BBIOP2248-24_r_1.3_s_50_BBIOP2248-24_fcleaner_merge,BBIOP2248-24,r_1.3_s_50_fcleaner_merge,>BBIOP2248-24_r_1.3_s_50_BBIOP2248-24_fcleaner_merge,1720622,WJR82112.1,genus:Amphimallon,null,308,null,null,0.0,29.0,10.81,11.0,0,51,7,0,0,99.22
BBIOP2223-24_r_1.3_s_100_BBIOP2223-24_fcleaner_merge,BBIOP2223-24,r_1.3_s_100_fcleaner_merge,>BBIOP2223-24_r_1.3_s_100_BBIOP2223-24_fcleaner_merge,702309,AND96251.1,family:Scarabaeidae,null,132,null,null,0.0,29.0,6.31,5.0,0,12,4,0,0,79.26
BBIOP2207-24_r_1.5_s_50_BBIOP2207-24_fcleaner_merge,BBIOP2207-24,r_1.5_s_50_fcleaner_merge,>BBIOP2207-24_r_1.5_s_50_BBIOP2207-24_fcleaner_merge,476056,AND96251.1,genus:Onthophagus,null,201,null,null,0.0,32.0,9.42,10.0,0,70,3,0,0,85.66
BBIOP2189-24_r_1.3_s_50_BBIOP2189-24_fcleaner_merge,BBIOP2189-24,r_1.3_s_50_fcleaner_merge,>BBIOP2189-24_r_1.3_s_50_BBIOP2189-24_fcleaner_merge,206731,YP_009729770.1,genus:Copris,null,3345,null,null,218.0,420.0,325.93,323.5,0,85,60,0,0,100.0
BBIOP2263-24_r_1.5_s_100_BBIOP2263-24_fcleaner_merge,BBIOP2263-24,r_1.5_s_100_fcleaner_merge,>BBIOP2263-24_r_1.5_s_100_BBIOP2263-24_fcleaner_merge,1720622,WJR82112.1,genus:Amphimallon,null,225,null,null,0.0,82.0,17.32,8.0,0,29,21,0,0,81.02
BBIOP2188-24_r_1.5_s_50_BBIOP2188-24_fcleaner_merge,BBIOP2188-24,r_1.5_s_50_fcleaner_merge,>BBIOP2188-24_r_1.5_s_50_BBIOP2188-24_fcleaner_merge,166368,XPK45401.1,genus:Gymnopleurus,null,206,null,null,0.0,29.0,7.27,5.0,0,82,15,0,0,93.0
BBIOP2256-24_r_1_s_50_BBIOP2256-24_fcleaner_merge,BBIOP2256-24,r_1_s_50_fcleaner_merge,>BBIOP2256-24_r_1_s_50_BBIOP2256-24_fcleaner_merge,1720622,WJR82112.1,genus:Amphimallon,null,254,null,null,0.0,103.0,18.92,14.0,0,75,18,0,3,82.97
BBIOP2226-24_r_1_s_100_BBIOP2226-24_fcleaner_merge,BBIOP2226-24,r_1_s_100_fcleaner_merge,>BBIOP2226-24_r_1_s_100_BBIOP2226-24_fcleaner_merge,702309,AND96251.1,family:Scarabaeidae,null,256,null,null,0.0,116.0,26.03,10.0,0,5,16,0,0,68.6
BBIOP2231-24_r_1_s_50_BBIOP2231-24_fcleaner_merge,BBIOP2231-24,r_1_s_50_fcleaner_merge,>BBIOP2231-24_r_1_s_50_BBIOP2231-24_fcleaner_merge,702309,AND96251.1,family:Scarabaeidae,null,812,null,null,0.0,84.0,37.79,38.0,0,210,6,0,0,98.84
BBIOP2214-24_r_1.3_s_50_BBIOP2214-24_fcleaner_merge,BBIOP2214-24,r_1.3_s_50_fcleaner_merge,>BBIOP2214-24_r_1.3_s_50_BBIOP2214-24_fcleaner_merge,702309,AND96251.1,family:Scarabaeidae,null,423,null,null,0.0,64.0,13.49,10.0,0,161,7,0,0,97.48
BBIOP2215-24_r_1_s_50_BBIOP2215-24_fcleaner_merge,BBIOP2215-24,r_1_s_50_fcleaner_merge,>BBIOP2215-24_r_1_s_50_BBIOP2215-24_fcleaner_merge,702309,AND96251.1,family:Scarabaeidae,null,1515,null,null,0.0,252.0,56.91,51.0,0,244,22,0,0,99.03
BBIOP2227-24_r_1.3_s_50_BBIOP2227-24_fcleaner_merge,BBIOP2227-24,r_1.3_s_50_fcleaner_merge,>BBIOP2227-24_r_1.3_s_50_BBIOP2227-24_fcleaner_merge,702309,AND96251.1,family:Scarabaeidae,null,70,null,null,0.0,20.0,3.48,0.0,0,117,0,0,0,39.92
BBIOP2221-24_r_1.3_s_50_BBIOP2221-24_fcleaner_merge,BBIOP2221-24,r_1.3_s_50_fcleaner_merge,>BBIOP2221-24_r_1.3_s_50_BBIOP2221-24_fcleaner_merge,702309,AND96251.1,family:Scarabaeidae,null,828,null,null,0.0,80.0,29.88,28.0,0,122,20,0,0,98.84
BBIOP2206-24_r_1.3_s_100_BBIOP2206-24_fcleaner_merge,BBIOP2206-24,r_1.3_s_100_fcleaner_merge,>BBIOP2206-24_r_1.3_s_100_BBIOP2206-24_fcleaner_merge,166353,AND96251.1,genus:Onthophagus,null,66,null,null,0.0,14.0,3.85,3.0,0,78,4,0,0,73.26
BBIOP2216-24_r_1_s_50_BBIOP2216-24_fcleaner_merge,BBIOP2216-24,r_1_s_50_fcleaner_merge,>BBIOP2216-24_r_1_s_50_BBIOP2216-24_fcleaner_merge,702309,AND96251.1,family:Scarabaeidae,null,211,null,null,0.0,45.0,8.01,6.0,0,283,9,0,0,94.57
BBIOP2234-24_r_1.3_s_50_BBIOP2234-24_fcleaner_merge,BBIOP2234-24,r_1.3_s_50_fcleaner_merge,>BBIOP2234-24_r_1.3_s_50_BBIOP2234-24_fcleaner_merge,702309,AND96251.1,family:Scarabaeidae,null,5,null,null,0.0,4.0,0.16,0.0,0,12,0,0,0,6.4
BBIOP2210-24_r_1.3_s_100_BBIOP2210-24_fcleaner_merge,BBIOP2210-24,r_1.3_s_100_fcleaner_merge,>BBIOP2210-24_r_1.3_s_100_BBIOP2210-24_fcleaner_merge,2722828,YP_010631648.1,family:Glaphyridae,null,1219,null,null,0.0,167.0,68.32,65.0,0,160,23,0,0,99.8
BBIOP2196-24_r_1.5_s_50_BBIOP2196-24_fcleaner_merge,BBIOP2196-24,r_1.5_s_50_fcleaner_merge,>BBIOP2196-24_r_1.5_s_50_BBIOP2196-24_fcleaner_merge,166343,AND96617.1,genus:Euoniticellus,null,6411,null,null,0.0,989.0,291.12,226.5,0,2273,43,0,0,99.81
BBIOP2247-24_r_1_s_100_BBIOP2247-24_fcleaner_merge,BBIOP2247-24,r_1_s_100_fcleaner_merge,>BBIOP2247-24_r_1_s_100_BBIOP2247-24_fcleaner_merge,1720622,WJR82112.1,genus:Amphimallon,null,5613,null,null,140.0,666.0,374.62,367.0,0,250,40,0,0,100.0
BBIOP2229-24_r_1.3_s_50_BBIOP2229-24_fcleaner_merge,BBIOP2229-24,r_1.3_s_50_fcleaner_merge,>BBIOP2229-24_r_1.3_s_50_BBIOP2229-24_fcleaner_merge,702309,AND96251.1,family:Scarabaeidae,null,217,null,null,0.0,21.0,7.68,7.0,0,24,4,0,0,96.12
BBIOP2226-24_r_1.5_s_100_BBIOP2226-24_fcleaner_merge,BBIOP2226-24,r_1.5_s_100_fcleaner_merge,>BBIOP2226-24_r_1.5_s_100_BBIOP2226-24_fcleaner_merge,702309,AND96251.1,family:Scarabaeidae,null,9,null,null,0.0,9.0,0.52,0.0,0,2,0,0,0,8.14
BBIOP2242-24_r_1.5_s_100_BBIOP2242-24_fcleaner_merge,BBIOP2242-24,r_1.5_s_100_fcleaner_merge,>BBIOP2242-24_r_1.5_s_100_BBIOP2242-24_fcleaner_merge,702309,AND96251.1,family:Scarabaeidae,null,1739,null,null,0.0,258.0,86.99,84.5,0,94,99,0,0,91.67
BBIOP2201-24_r_1_s_50_BBIOP2201-24_fcleaner_merge,BBIOP2201-24,r_1_s_50_fcleaner_merge,>BBIOP2201-24_r_1_s_50_BBIOP2201-24_fcleaner_merge,166350,AND96251.1,genus:Onthophagus,null,3620,null,null,0.0,918.0,211.15,146.5,0,2722,292,0,0,99.42
BBIOP2234-24_r_1_s_100_BBIOP2234-24_fcleaner_merge,BBIOP2234-24,r_1_s_100_fcleaner_merge,>BBIOP2234-24_r_1_s_100_BBIOP2234-24_fcleaner_merge,702309,AND96251.1,family:Scarabaeidae,null,5,null,null,0.0,4.0,0.57,0.0,0,0,0,0,0,20.35
BBIOP2226-24_r_1_s_50_BBIOP2226-24_fcleaner_merge,BBIOP2226-24,r_1_s_50_fcleaner_merge,>BBIOP2226-24_r_1_s_50_BBIOP2226-24_fcleaner_merge,702309,AND96251.1,family:Scarabaeidae,null,465,null,null,0.0,202.0,33.56,22.0,0,12,33,0,0,82.36
BBIOP2238-24_r_1.3_s_100_BBIOP2238-24_fcleaner_merge,BBIOP2238-24,r_1.3_s_100_fcleaner_merge,>BBIOP2238-24_r_1.3_s_100_BBIOP2238-24_fcleaner_merge,702309,AND96251.1,family:Scarabaeidae,null,55,null,null,0.0,10.0,2.75,3.0,0,48,6,0,0,77.71
BBIOP2209-24_r_1.3_s_50_BBIOP2209-24_fcleaner_merge,BBIOP2209-24,r_1.3_s_50_fcleaner_merge,>BBIOP2209-24_r_1.3_s_50_BBIOP2209-24_fcleaner_merge,2722829,YP_010631648.1,family:Glaphyridae,null,150,null,null,0.0,17.0,5.87,5.0,0,115,5,0,0,94.13
BBIOP2194-24_r_1_s_100_BBIOP2194-24_fcleaner_merge,BBIOP2194-24,r_1_s_100_fcleaner_merge,>BBIOP2194-24_r_1_s_100_BBIOP2194-24_fcleaner_merge,166346,AND96329.1,genus:Onitis,null,951,null,null,0.0,216.0,51.16,41.0,0,196,77,0,0,99.81
BBIOP2206-24_r_1_s_100_BBIOP2206-24_fcleaner_merge,BBIOP2206-24,r_1_s_100_fcleaner_merge,>BBIOP2206-24_r_1_s_100_BBIOP2206-24_fcleaner_merge,166353,AND96251.1,genus:Onthophagus,null,172,null,null,0.0,60.0,12.55,2.0,0,231,18,0,0,57.17
BBIOP2212-24_r_1_s_100_BBIOP2212-24_fcleaner_merge,BBIOP2212-24,r_1_s_100_fcleaner_merge,>BBIOP2212-24_r_1_s_100_BBIOP2212-24_fcleaner_merge,2722830,YP_010631648.1,family:Glaphyridae,null,187,null,null,0.0,55.0,10.25,7.0,0,55,13,0,0,97.65
BBIOP2265-24_r_1.3_s_50_BBIOP2265-24_fcleaner_merge,BBIOP2265-24,r_1.3_s_50_fcleaner_merge,>BBIOP2265-24_r_1.3_s_50_BBIOP2265-24_fcleaner_merge,1720622,WJR82112.1,genus:Amphimallon,null,1657,null,null,8.0,151.0,59.7,58.0,0,244,57,0,0,100.0
BBIOP2189-24_r_1.3_s_100_BBIOP2189-24_fcleaner_merge,BBIOP2189-24,r_1.3_s_100_fcleaner_merge,>BBIOP2189-24_r_1.3_s_100_BBIOP2189-24_fcleaner_merge,206731,YP_009729770.1,genus:Copris,null,3145,null,null,186.0,413.0,318.95,319.0,0,78,55,0,0,100.0
BBIOP2187-24_r_1.3_s_100_BBIOP2187-24_fcleaner_merge,BBIOP2187-24,r_1.3_s_100_fcleaner_merge,>BBIOP2187-24_r_1.3_s_100_BBIOP2187-24_fcleaner_merge,166368,XPK45401.1,genus:Gymnopleurus,null,5161,null,null,0.0,963.0,319.55,264.0,0,1363,39,0,0,99.81
BBIOP2218-24_r_1_s_50_BBIOP2218-24_fcleaner_merge,BBIOP2218-24,r_1_s_50_fcleaner_merge,>BBIOP2218-24_r_1_s_50_BBIOP2218-24_fcleaner_merge,702309,AND96251.1,family:Scarabaeidae,null,697,null,null,0.0,87.0,24.07,21.0,0,265,22,0,0,98.64
BBIOP2193-24_r_1_s_100_BBIOP2193-24_fcleaner_merge,BBIOP2193-24,r_1_s_100_fcleaner_merge,>BBIOP2193-24_r_1_s_100_BBIOP2193-24_fcleaner_merge,166330,AND96329.1,genus:Onitis,null,4303,null,null,0.0,537.0,208.22,198.0,0,658,50,0,0,99.42
BBIOP2271-24_r_1.3_s_50_BBIOP2271-24_fcleaner_merge,BBIOP2271-24,r_1.3_s_50_fcleaner_merge,>BBIOP2271-24_r_1.3_s_50_BBIOP2271-24_fcleaner_merge,1720622,WJR82112.1,genus:Amphimallon,null,1884,null,null,7.0,217.0,65.46,57.0,0,462,25,0,0,100.0
BBIOP2196-24_r_1_s_50_BBIOP2196-24_fcleaner_merge,BBIOP2196-24,r_1_s_50_fcleaner_merge,>BBIOP2196-24_r_1_s_50_BBIOP2196-24_fcleaner_merge,166343,AND96617.1,genus:Euoniticellus,null,6606,null,null,0.0,1002.0,299.35,236.5,0,2548,57,0,0,99.81
BBIOP2249-24_r_1.5_s_50_BBIOP2249-24_fcleaner_merge,BBIOP2249-24,r_1.5_s_50_fcleaner_merge,>BBIOP2249-24_r_1.5_s_50_BBIOP2249-24_fcleaner_merge,1720622,WJR82112.1,genus:Amphimallon,null,199,null,null,0.0,22.0,7.03,6.0,0,37,2,0,0,92.37
BBIOP2272-24_r_1_s_50_BBIOP2272-24_fcleaner_merge,BBIOP2272-24,r_1_s_50_fcleaner_merge,>BBIOP2272-24_r_1_s_50_BBIOP2272-24_fcleaner_merge,1971888,XCN33691.1,subfamily:Melolonthinae,null,390,null,null,0.0,140.0,20.67,12.0,0,175,18,0,6,84.6
BBIOP2236-24_r_1.3_s_50_BBIOP2236-24_fcleaner_merge,BBIOP2236-24,r_1.3_s_50_fcleaner_merge,>BBIOP2236-24_r_1.3_s_50_BBIOP2236-24_fcleaner_merge,702309,AND96251.1,family:Scarabaeidae,null,488,null,null,0.0,55.0,17.76,17.0,0,142,32,0,0,98.26
BBIOP2194-24_r_1.5_s_100_BBIOP2194-24_fcleaner_merge,BBIOP2194-24,r_1.5_s_100_fcleaner_merge,>BBIOP2194-24_r_1.5_s_100_BBIOP2194-24_fcleaner_merge,166346,AND96329.1,genus:Onitis,null,913,null,null,0.0,219.0,48.97,39.0,0,168,68,0,0,99.42
BBIOP2272-24_r_1.3_s_100_BBIOP2272-24_fcleaner_merge,BBIOP2272-24,r_1.3_s_100_fcleaner_merge,>BBIOP2272-24_r_1.3_s_100_BBIOP2272-24_fcleaner_merge,1971888,XCN33691.1,subfamily:Melolonthinae,null,30,null,null,0.0,20.0,2.11,0.0,0,27,2,0,3,32.94
BBIOP2213-24_r_1.3_s_50_BBIOP2213-24_fcleaner_merge,BBIOP2213-24,r_1.3_s_50_fcleaner_merge,>BBIOP2213-24_r_1.3_s_50_BBIOP2213-24_fcleaner_merge,2722830,YP_010631648.1,family:Glaphyridae,null,4146,null,null,0.0,382.0,179.24,165.0,0,412,42,0,0,99.8
BBIOP2187-24_r_1_s_50_BBIOP2187-24_fcleaner_merge,BBIOP2187-24,r_1_s_50_fcleaner_merge,>BBIOP2187-24_r_1_s_50_BBIOP2187-24_fcleaner_merge,166368,XPK45401.1,genus:Gymnopleurus,null,7614,null,null,0.0,1458.0,399.51,318.5,0,2503,65,0,0,99.81
BBIOP2234-24_r_1.5_s_50_BBIOP2234-24_fcleaner_merge,BBIOP2234-24,r_1.5_s_50_fcleaner_merge,>BBIOP2234-24_r_1.5_s_50_BBIOP2234-24_fcleaner_merge,702309,AND96251.1,family:Scarabaeidae,null,3,null,null,0.0,1.0,0.09,0.0,0,4,0,0,0,8.53
BBIOP2247-24_r_1.3_s_100_BBIOP2247-24_fcleaner_merge,BBIOP2247-24,r_1.3_s_100_fcleaner_merge,>BBIOP2247-24_r_1.3_s_100_BBIOP2247-24_fcleaner_merge,1720622,WJR82112.1,genus:Amphimallon,null,5580,null,null,140.0,666.0,372.72,367.0,0,220,40,0,0,100.0
BBIOP2209-24_r_1_s_100_BBIOP2209-24_fcleaner_merge,BBIOP2209-24,r_1_s_100_fcleaner_merge,>BBIOP2209-24_r_1_s_100_BBIOP2209-24_fcleaner_merge,2722829,YP_010631648.1,family:Glaphyridae,null,99,null,null,0.0,48.0,9.65,5.0,0,157,6,0,3,72.02
BBIOP2235-24_r_1_s_50_BBIOP2235-24_fcleaner_merge,BBIOP2235-24,r_1_s_50_fcleaner_merge,>BBIOP2235-24_r_1_s_50_BBIOP2235-24_fcleaner_merge,702309,AND96251.1,family:Scarabaeidae,null,766,null,null,0.0,71.0,29.24,29.0,0,204,24,0,0,98.64
BBIOP2228-24_r_1_s_50_BBIOP2228-24_fcleaner_merge,BBIOP2228-24,r_1_s_50_fcleaner_merge,>BBIOP2228-24_r_1_s_50_BBIOP2228-24_fcleaner_merge,702309,AND96251.1,family:Scarabaeidae,null,327,null,null,0.0,130.0,26.82,22.0,0,100,18,0,3,80.04
BBIOP2212-24_r_1_s_50_BBIOP2212-24_fcleaner_merge,BBIOP2212-24,r_1_s_50_fcleaner_merge,>BBIOP2212-24_r_1_s_50_BBIOP2212-24_fcleaner_merge,2722830,YP_010631648.1,family:Glaphyridae,null,664,null,null,0.0,91.0,26.48,19.0,0,156,40,0,0,99.8
BBIOP2258-24_r_1.5_s_50_BBIOP2258-24_fcleaner_merge,BBIOP2258-24,r_1.5_s_50_fcleaner_merge,>BBIOP2258-24_r_1.5_s_50_BBIOP2258-24_fcleaner_merge,1720622,WJR82112.1,genus:Amphimallon,null,540,null,null,0.0,99.0,38.51,40.0,0,191,22,0,0,97.65
BBIOP2224-24_r_1_s_50_BBIOP2224-24_fcleaner_merge,BBIOP2224-24,r_1_s_50_fcleaner_merge,>BBIOP2224-24_r_1_s_50_BBIOP2224-24_fcleaner_merge,702309,AND96251.1,family:Scarabaeidae,null,259,null,null,0.0,54.0,8.13,5.0,0,546,17,0,0,82.56
BBIOP2265-24_r_1_s_100_BBIOP2265-24_fcleaner_merge,BBIOP2265-24,r_1_s_100_fcleaner_merge,>BBIOP2265-24_r_1_s_100_BBIOP2265-24_fcleaner_merge,1720622,WJR82112.1,genus:Amphimallon,null,439,null,null,0.0,57.0,22.21,21.0,0,243,34,0,0,95.5
BBIOP2264-24_r_1.5_s_50_BBIOP2264-24_fcleaner_merge,BBIOP2264-24,r_1.5_s_50_fcleaner_merge,>BBIOP2264-24_r_1.5_s_50_BBIOP2264-24_fcleaner_merge,1720622,WJR82112.1,genus:Amphimallon,null,2153,null,null,0.0,275.0,71.04,66.0,0,178,15,0,0,99.8
BBIOP2244-24_r_1_s_50_BBIOP2244-24_fcleaner_merge,BBIOP2244-24,r_1_s_50_fcleaner_merge,>BBIOP2244-24_r_1_s_50_BBIOP2244-24_fcleaner_merge,702309,AND96251.1,family:Scarabaeidae,null,401,null,null,0.0,47.0,14.75,14.0,0,116,15,0,0,99.22
BBIOP2217-24_r_1.5_s_50_BBIOP2217-24_fcleaner_merge,BBIOP2217-24,r_1.5_s_50_fcleaner_merge,>BBIOP2217-24_r_1.5_s_50_BBIOP2217-24_fcleaner_merge,702309,AND96251.1,family:Scarabaeidae,null,419,null,null,0.0,52.0,15.9,16.0,0,62,6,0,0,93.8
BBIOP2275-24_r_1_s_50_BBIOP2275-24_fcleaner_merge,BBIOP2275-24,r_1_s_50_fcleaner_merge,>BBIOP2275-24_r_1_s_50_BBIOP2275-24_fcleaner_merge,1971888,XCN33691.1,subfamily:Melolonthinae,null,1547,null,null,0.0,205.0,49.99,40.0,0,911,29,0,0,99.22
BBIOP2227-24_r_1_s_50_BBIOP2227-24_fcleaner_merge,BBIOP2227-24,r_1_s_50_fcleaner_merge,>BBIOP2227-24_r_1_s_50_BBIOP2227-24_fcleaner_merge,702309,AND96251.1,family:Scarabaeidae,null,281,null,null,0.0,71.0,22.14,18.0,0,108,17,0,0,74.81
BBIOP2211-24_r_1.3_s_100_BBIOP2211-24_fcleaner_merge,BBIOP2211-24,r_1.3_s_100_fcleaner_merge,>BBIOP2211-24_r_1.3_s_100_BBIOP2211-24_fcleaner_merge,2722828,YP_010631648.1,family:Glaphyridae,null,76,null,null,0.0,17.0,3.58,3.0,0,20,0,0,0,79.26
BBIOP2203-24_r_1.3_s_50_BBIOP2203-24_fcleaner_merge,BBIOP2203-24,r_1.3_s_50_fcleaner_merge,>BBIOP2203-24_r_1.3_s_50_BBIOP2203-24_fcleaner_merge,1541080,AND96251.1,genus:Onthophagus,null,29,null,null,0.0,17.0,1.34,0.0,0,157,0,0,0,26.74
BBIOP2205-24_r_1_s_100_BBIOP2205-24_fcleaner_merge,BBIOP2205-24,r_1_s_100_fcleaner_merge,>BBIOP2205-24_r_1_s_100_BBIOP2205-24_fcleaner_merge,166353,AND96251.1,genus:Onthophagus,null,109,null,null,0.0,40.0,11.68,6.0,0,0,0,0,6,75.58
BBIOP2217-24_r_1.5_s_100_BBIOP2217-24_fcleaner_merge,BBIOP2217-24,r_1.5_s_100_fcleaner_merge,>BBIOP2217-24_r_1.5_s_100_BBIOP2217-24_fcleaner_merge,702309,AND96251.1,family:Scarabaeidae,null,179,null,null,0.0,23.0,8.68,8.0,0,19,5,0,0,87.02
BBIOP2233-24_r_1.5_s_100_BBIOP2233-24_fcleaner_merge,BBIOP2233-24,r_1.5_s_100_fcleaner_merge,>BBIOP2233-24_r_1.5_s_100_BBIOP2233-24_fcleaner_merge,702309,AND96251.1,family:Scarabaeidae,null,30,null,null,0.0,8.0,1.43,1.0,0,0,0,0,0,56.01
BBIOP2240-24_r_1_s_50_BBIOP2240-24_fcleaner_merge,BBIOP2240-24,r_1_s_50_fcleaner_merge,>BBIOP2240-24_r_1_s_50_BBIOP2240-24_fcleaner_merge,702309,AND96251.1,family:Scarabaeidae,null,1316,null,null,0.0,149.0,48.9,45.5,0,394,65,0,0,98.64
BBIOP2196-24_r_1.3_s_100_BBIOP2196-24_fcleaner_merge,BBIOP2196-24,r_1.3_s_100_fcleaner_merge,>BBIOP2196-24_r_1.3_s_100_BBIOP2196-24_fcleaner_merge,166343,AND96617.1,genus:Euoniticellus,null,4086,null,null,0.0,722.0,217.55,175.5,0,1257,34,0,0,99.81
BBIOP2206-24_r_1.5_s_50_BBIOP2206-24_fcleaner_merge,BBIOP2206-24,r_1.5_s_50_fcleaner_merge,>BBIOP2206-24_r_1.5_s_50_BBIOP2206-24_fcleaner_merge,166353,AND96251.1,genus:Onthophagus,null,143,null,null,0.0,24.0,6.02,5.0,0,146,6,0,0,82.95
BBIOP2257-24_r_1.3_s_100_BBIOP2257-24_fcleaner_merge,BBIOP2257-24,r_1.3_s_100_fcleaner_merge,>BBIOP2257-24_r_1.3_s_100_BBIOP2257-24_fcleaner_merge,1720622,WJR82112.1,genus:Amphimallon,null,157,null,null,0.0,28.0,7.4,7.0,0,21,1,0,0,89.24
BBIOP2259-24_r_1.5_s_100_BBIOP2259-24_fcleaner_merge,BBIOP2259-24,r_1.5_s_100_fcleaner_merge,>BBIOP2259-24_r_1.5_s_100_BBIOP2259-24_fcleaner_merge,1720622,WJR82112.1,genus:Amphimallon,null,17,null,null,0.0,5.0,0.96,0.0,0,17,1,0,0,41.88
BBIOP2213-24_r_1.3_s_100_BBIOP2213-24_fcleaner_merge,BBIOP2213-24,r_1.3_s_100_fcleaner_merge,>BBIOP2213-24_r_1.3_s_100_BBIOP2213-24_fcleaner_merge,2722830,YP_010631648.1,family:Glaphyridae,null,2121,null,null,0.0,300.0,113.06,105.0,0,80,21,0,0,99.8
BBIOP2255-24_r_1.5_s_50_BBIOP2255-24_fcleaner_merge,BBIOP2255-24,r_1.5_s_50_fcleaner_merge,>BBIOP2255-24_r_1.5_s_50_BBIOP2255-24_fcleaner_merge,1720622,WJR82112.1,genus:Amphimallon,null,772,null,null,0.0,87.0,27.13,24.0,0,138,3,0,0,97.06
BBIOP2202-24_r_1.5_s_100_BBIOP2202-24_fcleaner_merge,BBIOP2202-24,r_1.5_s_100_fcleaner_merge,>BBIOP2202-24_r_1.5_s_100_BBIOP2202-24_fcleaner_merge,166350,AND96251.1,genus:Onthophagus,null,146,null,null,0.0,28.0,9.74,8.0,0,41,4,0,0,96.32
BBIOP2273-24_r_1_s_50_BBIOP2273-24_fcleaner_merge,BBIOP2273-24,r_1_s_50_fcleaner_merge,>BBIOP2273-24_r_1_s_50_BBIOP2273-24_fcleaner_merge,1971888,XCN33691.1,subfamily:Melolonthinae,null,317,null,null,0.0,72.0,20.09,19.0,0,153,19,0,0,78.17
BBIOP2239-24_r_1.3_s_50_BBIOP2239-24_fcleaner_merge,BBIOP2239-24,r_1.3_s_50_fcleaner_merge,>BBIOP2239-24_r_1.3_s_50_BBIOP2239-24_fcleaner_merge,702309,AND96251.1,family:Scarabaeidae,null,32,null,null,0.0,17.0,0.95,0.0,0,29,1,0,0,19.96
BBIOP2240-24_r_1.3_s_50_BBIOP2240-24_fcleaner_merge,BBIOP2240-24,r_1.3_s_50_fcleaner_merge,>BBIOP2240-24_r_1.3_s_50_BBIOP2240-24_fcleaner_merge,702309,AND96251.1,family:Scarabaeidae,null,1260,null,null,0.0,149.0,46.97,45.0,0,282,67,0,0,98.26
BBIOP2207-24_r_1.3_s_50_BBIOP2207-24_fcleaner_merge,BBIOP2207-24,r_1.3_s_50_fcleaner_merge,>BBIOP2207-24_r_1.3_s_50_BBIOP2207-24_fcleaner_merge,476056,AND96251.1,genus:Onthophagus,null,210,null,null,0.0,34.0,9.8,10.0,0,97,3,0,0,85.66
BBIOP2233-24_r_1.3_s_50_BBIOP2233-24_fcleaner_merge,BBIOP2233-24,r_1.3_s_50_fcleaner_merge,>BBIOP2233-24_r_1.3_s_50_BBIOP2233-24_fcleaner_merge,702309,AND96251.1,family:Scarabaeidae,null,214,null,null,0.0,20.0,6.99,6.0,0,22,8,0,0,94.77
BBIOP2263-24_r_1.5_s_50_BBIOP2263-24_fcleaner_merge,BBIOP2263-24,r_1.5_s_50_fcleaner_merge,>BBIOP2263-24_r_1.5_s_50_BBIOP2263-24_fcleaner_merge,1720622,WJR82112.1,genus:Amphimallon,null,1846,null,null,0.0,563.0,52.87,37.0,0,1879,84,0,0,95.3
BBIOP2219-24_r_1_s_100_BBIOP2219-24_fcleaner_merge,BBIOP2219-24,r_1_s_100_fcleaner_merge,>BBIOP2219-24_r_1_s_100_BBIOP2219-24_fcleaner_merge,702309,AND96251.1,family:Scarabaeidae,null,246,null,null,0.0,37.0,13.54,11.0,0,89,10,0,0,98.64
BBIOP2268-24_r_1_s_50_BBIOP2268-24_fcleaner_merge,BBIOP2268-24,r_1_s_50_fcleaner_merge,>BBIOP2268-24_r_1_s_50_BBIOP2268-24_fcleaner_merge,1720622,WJR82112.1,genus:Amphimallon,null,174272,null,null,1182.0,12765.0,6944.65,7012.0,0,25553,1600,0,0,100.0
BBIOP2214-24_r_1.3_s_100_BBIOP2214-24_fcleaner_merge,BBIOP2214-24,r_1.3_s_100_fcleaner_merge,>BBIOP2214-24_r_1.3_s_100_BBIOP2214-24_fcleaner_merge,702309,AND96251.1,family:Scarabaeidae,null,74,null,null,0.0,29.0,3.36,1.0,0,19,1,0,0,62.6
BBIOP2195-24_r_1.3_s_50_BBIOP2195-24_fcleaner_merge,BBIOP2195-24,r_1.3_s_50_fcleaner_merge,>BBIOP2195-24_r_1.3_s_50_BBIOP2195-24_fcleaner_merge,166346,AND96329.1,genus:Onitis,null,1580,null,null,0.0,132.0,58.63,55.0,0,548,137,0,0,99.81
BBIOP2241-24_r_1_s_50_BBIOP2241-24_fcleaner_merge,BBIOP2241-24,r_1_s_50_fcleaner_merge,>BBIOP2241-24_r_1_s_50_BBIOP2241-24_fcleaner_merge,702309,AND96251.1,family:Scarabaeidae,null,356,null,null,0.0,75.0,24.3,25.0,0,163,17,0,3,81.4
BBIOP2242-24_r_1.3_s_50_BBIOP2242-24_fcleaner_merge,BBIOP2242-24,r_1.3_s_50_fcleaner_merge,>BBIOP2242-24_r_1.3_s_50_BBIOP2242-24_fcleaner_merge,702309,AND96251.1,family:Scarabaeidae,null,4814,null,null,0.0,447.0,185.81,184.0,0,815,233,0,0,98.64
BBIOP2209-24_r_1.5_s_50_BBIOP2209-24_fcleaner_merge,BBIOP2209-24,r_1.5_s_50_fcleaner_merge,>BBIOP2209-24_r_1.5_s_50_BBIOP2209-24_fcleaner_merge,2722829,YP_010631648.1,family:Glaphyridae,null,166,null,null,0.0,24.0,6.59,5.0,0,34,5,0,0,96.67
BBIOP2260-24_r_1.5_s_100_BBIOP2260-24_fcleaner_merge,BBIOP2260-24,r_1.5_s_100_fcleaner_merge,>BBIOP2260-24_r_1.5_s_100_BBIOP2260-24_fcleaner_merge,1720622,WJR82112.1,genus:Amphimallon,null,22,null,null,0.0,6.0,0.94,1.0,0,13,1,0,0,53.42
BBIOP2210-24_r_1.5_s_50_BBIOP2210-24_fcleaner_merge,BBIOP2210-24,r_1.5_s_50_fcleaner_merge,>BBIOP2210-24_r_1.5_s_50_BBIOP2210-24_fcleaner_merge,2722828,YP_010631648.1,family:Glaphyridae,null,1568,null,null,0.0,220.0,74.84,75.0,0,289,23,0,0,92.17
BBIOP2245-24_r_1.5_s_50_BBIOP2245-24_fcleaner_merge,BBIOP2245-24,r_1.5_s_50_fcleaner_merge,>BBIOP2245-24_r_1.5_s_50_BBIOP2245-24_fcleaner_merge,1720622,WJR82112.1,genus:Amphimallon,null,905,null,null,1.0,100.0,44.02,41.0,0,71,7,0,0,100.0
BBIOP2220-24_r_1.5_s_100_BBIOP2220-24_fcleaner_merge,BBIOP2220-24,r_1.5_s_100_fcleaner_merge,>BBIOP2220-24_r_1.5_s_100_BBIOP2220-24_fcleaner_merge,702309,AND96251.1,family:Scarabaeidae,null,84,null,null,0.0,13.0,4.23,4.0,0,3,5,0,0,85.85
BBIOP2248-24_r_1_s_50_BBIOP2248-24_fcleaner_merge,BBIOP2248-24,r_1_s_50_fcleaner_merge,>BBIOP2248-24_r_1_s_50_BBIOP2248-24_fcleaner_merge,1720622,WJR82112.1,genus:Amphimallon,null,262,null,null,0.0,31.0,8.86,8.0,0,238,12,0,0,93.74
BBIOP2213-24_r_1_s_100_BBIOP2213-24_fcleaner_merge,BBIOP2213-24,r_1_s_100_fcleaner_merge,>BBIOP2213-24_r_1_s_100_BBIOP2213-24_fcleaner_merge,2722830,YP_010631648.1,family:Glaphyridae,null,2180,null,null,0.0,300.0,116.93,105.0,0,140,24,0,0,99.8
BBIOP2222-24_r_1.3_s_50_BBIOP2222-24_fcleaner_merge,BBIOP2222-24,r_1.3_s_50_fcleaner_merge,>BBIOP2222-24_r_1.3_s_50_BBIOP2222-24_fcleaner_merge,702309,AND96251.1,family:Scarabaeidae,null,211,null,null,0.0,41.0,8.57,6.0,0,85,8,0,0,96.51
BBIOP2201-24_r_1.3_s_50_BBIOP2201-24_fcleaner_merge,BBIOP2201-24,r_1.3_s_50_fcleaner_merge,>BBIOP2201-24_r_1.3_s_50_BBIOP2201-24_fcleaner_merge,166350,AND96251.1,genus:Onthophagus,null,3175,null,null,0.0,886.0,166.18,105.5,0,2438,218,0,0,99.22
BBIOP2191-24_r_1.5_s_100_BBIOP2191-24_fcleaner_merge,BBIOP2191-24,r_1.5_s_100_fcleaner_merge,>BBIOP2191-24_r_1.5_s_100_BBIOP2191-24_fcleaner_merge,166340,AND96355.1,species:Bubas bubalus,null,2156,null,null,58.0,346.0,153.27,134.0,0,375,43,0,0,100.0
BBIOP2192-24_r_1.5_s_100_BBIOP2192-24_fcleaner_merge,BBIOP2192-24,r_1.5_s_100_fcleaner_merge,>BBIOP2192-24_r_1.5_s_100_BBIOP2192-24_fcleaner_merge,166330,AND96329.1,genus:Onitis,null,98,null,null,0.0,23.0,6.21,6.0,0,13,5,0,0,75.15
BBIOP2202-24_r_1_s_50_BBIOP2202-24_fcleaner_merge,BBIOP2202-24,r_1_s_50_fcleaner_merge,>BBIOP2202-24_r_1_s_50_BBIOP2202-24_fcleaner_merge,166350,AND96251.1,genus:Onthophagus,null,69,null,null,0.0,20.0,3.4,2.0,0,564,6,0,0,68.99
BBIOP2193-24_r_1.3_s_100_BBIOP2193-24_fcleaner_merge,BBIOP2193-24,r_1.3_s_100_fcleaner_merge,>BBIOP2193-24_r_1.3_s_100_BBIOP2193-24_fcleaner_merge,166330,AND96329.1,genus:Onitis,null,4269,null,null,0.0,537.0,206.27,197.0,0,563,46,0,0,99.42
BBIOP2260-24_r_1.3_s_50_BBIOP2260-24_fcleaner_merge,BBIOP2260-24,r_1.3_s_50_fcleaner_merge,>BBIOP2260-24_r_1.3_s_50_BBIOP2260-24_fcleaner_merge,1720622,WJR82112.1,genus:Amphimallon,null,261,null,null,0.0,23.0,7.76,7.0,0,78,7,0,0,94.72
BBIOP2245-24_r_1.3_s_100_BBIOP2245-24_fcleaner_merge,BBIOP2245-24,r_1.3_s_100_fcleaner_merge,>BBIOP2245-24_r_1.3_s_100_BBIOP2245-24_fcleaner_merge,1720622,WJR82112.1,genus:Amphimallon,null,630,null,null,10.0,88.0,37.38,34.0,0,41,7,0,0,100.0
BBIOP2278-24_r_1.5_s_100_BBIOP2278-24_fcleaner_merge,BBIOP2278-24,r_1.5_s_100_fcleaner_merge,>BBIOP2278-24_r_1.5_s_100_BBIOP2278-24_fcleaner_merge,1971888,XCN33691.1,subfamily:Melolonthinae,null,472,null,null,4.0,61.0,24.33,21.0,0,19,14,0,0,100.0
BBIOP2188-24_r_1_s_100_BBIOP2188-24_fcleaner_merge,BBIOP2188-24,r_1_s_100_fcleaner_merge,>BBIOP2188-24_r_1_s_100_BBIOP2188-24_fcleaner_merge,166368,XPK45401.1,genus:Gymnopleurus,null,30,null,null,0.0,15.0,2.59,0.0,0,244,2,0,0,41.83
BBIOP2280-24_r_1.3_s_50_BBIOP2280-24_fcleaner_merge,BBIOP2280-24,r_1.3_s_50_fcleaner_merge,>BBIOP2280-24_r_1.3_s_50_BBIOP2280-24_fcleaner_merge,1971888,XCN33691.1,subfamily:Melolonthinae,null,1869,null,null,0.0,366.0,65.4,55.0,0,213,17,0,0,99.81
BBIOP2192-24_r_1.3_s_100_BBIOP2192-24_fcleaner_merge,BBIOP2192-24,r_1.3_s_100_fcleaner_merge,>BBIOP2192-24_r_1.3_s_100_BBIOP2192-24_fcleaner_merge,166330,AND96329.1,genus:Onitis,null,90,null,null,0.0,23.0,5.88,5.0,0,38,2,0,0,71.07
BBIOP2272-24_r_1.5_s_50_BBIOP2272-24_fcleaner_merge,BBIOP2272-24,r_1.5_s_50_fcleaner_merge,>BBIOP2272-24_r_1.5_s_50_BBIOP2272-24_fcleaner_merge,1971888,XCN33691.1,subfamily:Melolonthinae,null,39,null,null,0.0,18.0,1.77,0.0,0,25,0,0,0,18.71
BBIOP2214-24_r_1.5_s_50_BBIOP2214-24_fcleaner_merge,BBIOP2214-24,r_1.5_s_50_fcleaner_merge,>BBIOP2214-24_r_1.5_s_50_BBIOP2214-24_fcleaner_merge,702309,AND96251.1,family:Scarabaeidae,null,393,null,null,0.0,64.0,12.64,10.0,0,74,9,0,0,94.19
BBIOP2277-24_r_1.5_s_100_BBIOP2277-24_fcleaner_merge,BBIOP2277-24,r_1.5_s_100_fcleaner_merge,>BBIOP2277-24_r_1.5_s_100_BBIOP2277-24_fcleaner_merge,1971888,XCN33691.1,subfamily:Melolonthinae,null,21,null,null,0.0,15.0,1.02,0.0,0,3,1,0,0,28.65
BBIOP2244-24_r_1.3_s_100_BBIOP2244-24_fcleaner_merge,BBIOP2244-24,r_1.3_s_100_fcleaner_merge,>BBIOP2244-24_r_1.3_s_100_BBIOP2244-24_fcleaner_merge,702309,AND96251.1,family:Scarabaeidae,null,100,null,null,0.0,14.0,5.02,5.0,0,29,2,0,0,94.77
BBIOP2246-24_r_1.3_s_100_BBIOP2246-24_fcleaner_merge,BBIOP2246-24,r_1.3_s_100_fcleaner_merge,>BBIOP2246-24_r_1.3_s_100_BBIOP2246-24_fcleaner_merge,1720622,WJR82112.1,genus:Amphimallon,null,417,null,null,7.0,61.0,23.44,21.0,0,16,4,0,0,100.0
BBIOP2240-24_r_1_s_100_BBIOP2240-24_fcleaner_merge,BBIOP2240-24,r_1_s_100_fcleaner_merge,>BBIOP2240-24_r_1_s_100_BBIOP2240-24_fcleaner_merge,702309,AND96251.1,family:Scarabaeidae,null,426,null,null,0.0,72.0,21.41,17.0,0,96,28,0,0,98.64
BBIOP2239-24_r_1.5_s_50_BBIOP2239-24_fcleaner_merge,BBIOP2239-24,r_1.5_s_50_fcleaner_merge,>BBIOP2239-24_r_1.5_s_50_BBIOP2239-24_fcleaner_merge,702309,AND96251.1,family:Scarabaeidae,null,22,null,null,0.0,17.0,0.53,0.0,0,17,1,0,0,12.6
BBIOP2223-24_r_1_s_50_BBIOP2223-24_fcleaner_merge,BBIOP2223-24,r_1_s_50_fcleaner_merge,>BBIOP2223-24_r_1_s_50_BBIOP2223-24_fcleaner_merge,702309,AND96251.1,family:Scarabaeidae,null,485,null,null,0.0,52.0,17.32,15.0,0,267,13,0,0,96.51
BBIOP2275-24_r_1.5_s_50_BBIOP2275-24_fcleaner_merge,BBIOP2275-24,r_1.5_s_50_fcleaner_merge,>BBIOP2275-24_r_1.5_s_50_BBIOP2275-24_fcleaner_merge,1971888,XCN33691.1,subfamily:Melolonthinae,null,1580,null,null,0.0,271.0,52.27,44.0,0,165,15,0,0,99.81
BBIOP2218-24_r_1.3_s_100_BBIOP2218-24_fcleaner_merge,BBIOP2218-24,r_1.3_s_100_fcleaner_merge,>BBIOP2218-24_r_1.3_s_100_BBIOP2218-24_fcleaner_merge,702309,AND96251.1,family:Scarabaeidae,null,185,null,null,0.0,40.0,8.75,8.0,0,45,4,0,0,85.27
BBIOP2203-24_r_1.5_s_100_BBIOP2203-24_fcleaner_merge,BBIOP2203-24,r_1.5_s_100_fcleaner_merge,>BBIOP2203-24_r_1.5_s_100_BBIOP2203-24_fcleaner_merge,1541080,AND96251.1,genus:Onthophagus,null,24,null,null,0.0,11.0,1.07,0.0,0,22,0,0,0,24.61
BBIOP2274-24_r_1.3_s_100_BBIOP2274-24_fcleaner_merge,BBIOP2274-24,r_1.3_s_100_fcleaner_merge,>BBIOP2274-24_r_1.3_s_100_BBIOP2274-24_fcleaner_merge,1971888,XCN33691.1,subfamily:Melolonthinae,null,125,null,null,0.0,16.0,5.57,5.0,0,26,4,0,0,93.37
BBIOP2211-24_r_1.5_s_100_BBIOP2211-24_fcleaner_merge,BBIOP2211-24,r_1.5_s_100_fcleaner_merge,>BBIOP2211-24_r_1.5_s_100_BBIOP2211-24_fcleaner_merge,2722828,YP_010631648.1,family:Glaphyridae,null,69,null,null,0.0,17.0,3.23,3.0,0,8,1,0,0,68.1
BBIOP2190-24_r_1.3_s_100_BBIOP2190-24_fcleaner_merge,BBIOP2190-24,r_1.3_s_100_fcleaner_merge,>BBIOP2190-24_r_1.3_s_100_BBIOP2190-24_fcleaner_merge,166326,AND96368.1,species:Bubas bison,null,19,null,null,0.0,9.0,1.62,0.0,0,25,1,0,0,27.34
BBIOP2199-24_r_1.5_s_100_BBIOP2199-24_fcleaner_merge,BBIOP2199-24,r_1.5_s_100_fcleaner_merge,>BBIOP2199-24_r_1.5_s_100_BBIOP2199-24_fcleaner_merge,166332,AND96251.1,genus:Onthophagus,null,1530,null,null,0.0,281.0,119.82,108.0,0,318,18,0,0,99.42
BBIOP2186-24_r_1.3_s_50_BBIOP2186-24_fcleaner_merge,BBIOP2186-24,r_1.3_s_50_fcleaner_merge,>BBIOP2186-24_r_1.3_s_50_BBIOP2186-24_fcleaner_merge,1172027,AND96251.1,subfamily:Scarabaeinae,null,1795,null,null,0.0,233.0,60.29,49.0,0,443,12,0,0,97.29
BBIOP2280-24_r_1.5_s_100_BBIOP2280-24_fcleaner_merge,BBIOP2280-24,r_1.5_s_100_fcleaner_merge,>BBIOP2280-24_r_1.5_s_100_BBIOP2280-24_fcleaner_merge,1971888,XCN33691.1,subfamily:Melolonthinae,null,547,null,null,0.0,67.0,25.64,24.0,0,24,4,0,0,99.81
BBIOP2208-24_r_1.5_s_50_BBIOP2208-24_fcleaner_merge,BBIOP2208-24,r_1.5_s_50_fcleaner_merge,>BBIOP2208-24_r_1.5_s_50_BBIOP2208-24_fcleaner_merge,166359,AND96251.1,genus:Onthophagus,null,242,null,null,0.0,42.0,12.16,11.0,0,55,6,0,0,90.5
BBIOP2195-24_r_1_s_50_BBIOP2195-24_fcleaner_merge,BBIOP2195-24,r_1_s_50_fcleaner_merge,>BBIOP2195-24_r_1_s_50_BBIOP2195-24_fcleaner_merge,166346,AND96329.1,genus:Onitis,null,1699,null,null,0.0,137.0,62.68,59.0,0,889,158,0,0,99.42
BBIOP2273-24_r_1.3_s_50_BBIOP2273-24_fcleaner_merge,BBIOP2273-24,r_1.3_s_50_fcleaner_merge,>BBIOP2273-24_r_1.3_s_50_BBIOP2273-24_fcleaner_merge,1971888,XCN33691.1,subfamily:Melolonthinae,null,106,null,null,0.0,52.0,3.65,0.0,0,140,1,0,0,44.05
BBIOP2201-24_r_1.3_s_100_BBIOP2201-24_fcleaner_merge,BBIOP2201-24,r_1.3_s_100_fcleaner_merge,>BBIOP2201-24_r_1.3_s_100_BBIOP2201-24_fcleaner_merge,166350,AND96251.1,genus:Onthophagus,null,1881,null,null,0.0,486.0,131.93,76.5,0,1330,164,0,0,99.22
BBIOP2273-24_r_1.5_s_100_BBIOP2273-24_fcleaner_merge,BBIOP2273-24,r_1.5_s_100_fcleaner_merge,>BBIOP2273-24_r_1.5_s_100_BBIOP2273-24_fcleaner_merge,1971888,XCN33691.1,subfamily:Melolonthinae,null,16,null,null,0.0,7.0,0.78,0.0,0,6,0,0,0,19.3
BBIOP2236-24_r_1_s_50_BBIOP2236-24_fcleaner_merge,BBIOP2236-24,r_1_s_50_fcleaner_merge,>BBIOP2236-24_r_1_s_50_BBIOP2236-24_fcleaner_merge,702309,AND96251.1,family:Scarabaeidae,null,513,null,null,0.0,41.0,18.56,18.0,0,334,46,0,0,99.81
BBIOP2238-24_r_1_s_50_BBIOP2238-24_fcleaner_merge,BBIOP2238-24,r_1_s_50_fcleaner_merge,>BBIOP2238-24_r_1_s_50_BBIOP2238-24_fcleaner_merge,702309,AND96251.1,family:Scarabaeidae,null,202,null,null,0.0,40.0,9.26,5.5,0,545,14,0,0,78.88
BBIOP2238-24_r_1.5_s_100_BBIOP2238-24_fcleaner_merge,BBIOP2238-24,r_1.5_s_100_fcleaner_merge,>BBIOP2238-24_r_1.5_s_100_BBIOP2238-24_fcleaner_merge,702309,AND96251.1,family:Scarabaeidae,null,51,null,null,0.0,10.0,2.52,2.0,0,20,2,0,0,71.51
BBIOP2197-24_r_1_s_50_BBIOP2197-24_fcleaner_merge,BBIOP2197-24,r_1_s_50_fcleaner_merge,>BBIOP2197-24_r_1_s_50_BBIOP2197-24_fcleaner_merge,166365,AND96251.1,tribe:Onthophagini,null,2788,null,null,2.0,353.0,158.95,154.5,0,641,65,0,0,100.0
BBIOP2258-24_r_1.3_s_50_BBIOP2258-24_fcleaner_merge,BBIOP2258-24,r_1.3_s_50_fcleaner_merge,>BBIOP2258-24_r_1.3_s_50_BBIOP2258-24_fcleaner_merge,1720622,WJR82112.1,genus:Amphimallon,null,808,null,null,2.0,120.0,61.44,62.0,0,291,33,0,0,100.0
BBIOP2207-24_r_1_s_100_BBIOP2207-24_fcleaner_merge,BBIOP2207-24,r_1_s_100_fcleaner_merge,>BBIOP2207-24_r_1_s_100_BBIOP2207-24_fcleaner_merge,476056,AND96251.1,genus:Onthophagus,null,98,null,null,0.0,17.0,5.49,5.0,0,158,2,0,0,76.16
BBIOP2212-24_r_1.3_s_50_BBIOP2212-24_fcleaner_merge,BBIOP2212-24,r_1.3_s_50_fcleaner_merge,>BBIOP2212-24_r_1.3_s_50_BBIOP2212-24_fcleaner_merge,2722830,YP_010631648.1,family:Glaphyridae,null,545,null,null,0.0,90.0,21.18,16.0,0,95,31,0,0,99.8
BBIOP2244-24_r_1.5_s_100_BBIOP2244-24_fcleaner_merge,BBIOP2244-24,r_1.5_s_100_fcleaner_merge,>BBIOP2244-24_r_1.5_s_100_BBIOP2244-24_fcleaner_merge,702309,AND96251.1,family:Scarabaeidae,null,84,null,null,0.0,14.0,4.23,3.0,0,19,1,0,0,87.6
BBIOP2204-24_r_1_s_100_BBIOP2204-24_fcleaner_merge,BBIOP2204-24,r_1_s_100_fcleaner_merge,>BBIOP2204-24_r_1_s_100_BBIOP2204-24_fcleaner_merge,1541080,AND96251.1,genus:Onthophagus,null,73,null,null,0.0,20.0,6.38,6.0,0,7,5,0,0,70.35
BBIOP2274-24_r_1.5_s_100_BBIOP2274-24_fcleaner_merge,BBIOP2274-24,r_1.5_s_100_fcleaner_merge,>BBIOP2274-24_r_1.5_s_100_BBIOP2274-24_fcleaner_merge,1971888,XCN33691.1,subfamily:Melolonthinae,null,122,null,null,0.0,16.0,5.44,5.0,0,10,4,0,0,94.15
BBIOP2217-24_r_1.3_s_50_BBIOP2217-24_fcleaner_merge,BBIOP2217-24,r_1.3_s_50_fcleaner_merge,>BBIOP2217-24_r_1.3_s_50_BBIOP2217-24_fcleaner_merge,702309,AND96251.1,family:Scarabaeidae,null,487,null,null,0.0,52.0,18.29,19.0,0,84,7,0,0,97.67
BBIOP2192-24_r_1_s_50_BBIOP2192-24_fcleaner_merge,BBIOP2192-24,r_1_s_50_fcleaner_merge,>BBIOP2192-24_r_1_s_50_BBIOP2192-24_fcleaner_merge,166330,AND96329.1,genus:Onitis,null,322,null,null,0.0,83.0,20.57,13.0,0,444,14,0,3,82.91
BBIOP2218-24_r_1.5_s_50_BBIOP2218-24_fcleaner_merge,BBIOP2218-24,r_1.5_s_50_fcleaner_merge,>BBIOP2218-24_r_1.5_s_50_BBIOP2218-24_fcleaner_merge,702309,AND96251.1,family:Scarabaeidae,null,548,null,null,0.0,82.0,18.61,15.0,0,90,5,0,0,94.38
BBIOP2214-24_r_1.5_s_100_BBIOP2214-24_fcleaner_merge,BBIOP2214-24,r_1.5_s_100_fcleaner_merge,>BBIOP2214-24_r_1.5_s_100_BBIOP2214-24_fcleaner_merge,702309,AND96251.1,family:Scarabaeidae,null,79,null,null,0.0,33.0,3.61,1.0,0,2,1,0,0,64.73
BBIOP2228-24_r_1.3_s_100_BBIOP2228-24_fcleaner_merge,BBIOP2228-24,r_1.3_s_100_fcleaner_merge,>BBIOP2228-24_r_1.3_s_100_BBIOP2228-24_fcleaner_merge,702309,AND96251.1,family:Scarabaeidae,null,13,null,null,0.0,9.0,0.79,0.0,0,24,1,0,0,28.68
BBIOP2257-24_r_1.5_s_100_BBIOP2257-24_fcleaner_merge,BBIOP2257-24,r_1.5_s_100_fcleaner_merge,>BBIOP2257-24_r_1.5_s_100_BBIOP2257-24_fcleaner_merge,1720622,WJR82112.1,genus:Amphimallon,null,158,null,null,0.0,28.0,7.43,7.0,0,14,1,0,0,89.24
BBIOP2252-24_r_1.3_s_100_BBIOP2252-24_fcleaner_merge,BBIOP2252-24,r_1.3_s_100_fcleaner_merge,>BBIOP2252-24_r_1.3_s_100_BBIOP2252-24_fcleaner_merge,1720622,WJR82112.1,genus:Amphimallon,null,761,null,null,10.0,148.0,36.69,30.0,0,23,17,0,0,100.0
BBIOP2194-24_r_1.3_s_50_BBIOP2194-24_fcleaner_merge,BBIOP2194-24,r_1.3_s_50_fcleaner_merge,>BBIOP2194-24_r_1.3_s_50_BBIOP2194-24_fcleaner_merge,166346,AND96329.1,genus:Onitis,null,1710,null,null,0.0,308.0,76.52,69.0,0,423,129,0,0,99.81
BBIOP2279-24_r_1.3_s_100_BBIOP2279-24_fcleaner_merge,BBIOP2279-24,r_1.3_s_100_fcleaner_merge,>BBIOP2279-24_r_1.3_s_100_BBIOP2279-24_fcleaner_merge,1971888,XCN33691.1,subfamily:Melolonthinae,null,124,null,null,0.0,27.0,6.27,5.0,0,34,6,0,0,93.18
BBIOP2264-24_r_1.3_s_50_BBIOP2264-24_fcleaner_merge,BBIOP2264-24,r_1.3_s_50_fcleaner_merge,>BBIOP2264-24_r_1.3_s_50_BBIOP2264-24_fcleaner_merge,1720622,WJR82112.1,genus:Amphimallon,null,2287,null,null,3.0,299.0,75.61,67.0,0,240,23,0,0,100.0
BBIOP2205-24_r_1.5_s_50_BBIOP2205-24_fcleaner_merge,BBIOP2205-24,r_1.5_s_50_fcleaner_merge,>BBIOP2205-24_r_1.5_s_50_BBIOP2205-24_fcleaner_merge,166353,AND96251.1,genus:Onthophagus,null,19,null,null,0.0,15.0,0.47,0.0,0,0,0,0,0,4.84
BBIOP2211-24_r_1.5_s_50_BBIOP2211-24_fcleaner_merge,BBIOP2211-24,r_1.5_s_50_fcleaner_merge,>BBIOP2211-24_r_1.5_s_50_BBIOP2211-24_fcleaner_merge,2722828,YP_010631648.1,family:Glaphyridae,null,183,null,null,0.0,27.0,6.82,6.0,0,74,1,0,0,82.58
BBIOP2189-24_r_1_s_100_BBIOP2189-24_fcleaner_merge,BBIOP2189-24,r_1_s_100_fcleaner_merge,>BBIOP2189-24_r_1_s_100_BBIOP2189-24_fcleaner_merge,206731,YP_009729770.1,genus:Copris,null,3145,null,null,186.0,413.0,318.95,319.0,0,81,55,0,0,100.0
BBIOP2198-24_r_1.5_s_100_BBIOP2198-24_fcleaner_merge,BBIOP2198-24,r_1.5_s_100_fcleaner_merge,>BBIOP2198-24_r_1.5_s_100_BBIOP2198-24_fcleaner_merge,166365,AND96251.1,tribe:Onthophagini,null,16695,null,null,0.0,1927.0,1239.59,1235.5,0,1029,165,0,0,99.22
BBIOP2248-24_r_1.5_s_50_BBIOP2248-24_fcleaner_merge,BBIOP2248-24,r_1.5_s_50_fcleaner_merge,>BBIOP2248-24_r_1.5_s_50_BBIOP2248-24_fcleaner_merge,1720622,WJR82112.1,genus:Amphimallon,null,270,null,null,0.0,23.0,9.65,10.0,0,27,5,0,0,98.24
BBIOP2268-24_r_1_s_100_BBIOP2268-24_fcleaner_merge,BBIOP2268-24,r_1_s_100_fcleaner_merge,>BBIOP2268-24_r_1_s_100_BBIOP2268-24_fcleaner_merge,1720622,WJR82112.1,genus:Amphimallon,null,77127,null,null,1083.0,6523.0,3982.54,3930.0,0,5536,841,0,0,100.0
BBIOP2222-24_r_1.3_s_100_BBIOP2222-24_fcleaner_merge,BBIOP2222-24,r_1.3_s_100_fcleaner_merge,>BBIOP2222-24_r_1.3_s_100_BBIOP2222-24_fcleaner_merge,702309,AND96251.1,family:Scarabaeidae,null,84,null,null,0.0,20.0,4.62,3.0,0,4,4,0,0,84.5
BBIOP2221-24_r_1.3_s_100_BBIOP2221-24_fcleaner_merge,BBIOP2221-24,r_1.3_s_100_fcleaner_merge,>BBIOP2221-24_r_1.3_s_100_BBIOP2221-24_fcleaner_merge,702309,AND96251.1,family:Scarabaeidae,null,295,null,null,0.0,44.0,14.17,11.0,0,22,3,0,0,98.84
BBIOP2239-24_r_1.5_s_100_BBIOP2239-24_fcleaner_merge,BBIOP2239-24,r_1.5_s_100_fcleaner_merge,>BBIOP2239-24_r_1.5_s_100_BBIOP2239-24_fcleaner_merge,702309,AND96251.1,family:Scarabaeidae,null,2,null,null,0.0,1.0,0.13,0.0,0,12,0,0,0,12.98
BBIOP2189-24_r_1.5_s_50_BBIOP2189-24_fcleaner_merge,BBIOP2189-24,r_1.5_s_50_fcleaner_merge,>BBIOP2189-24_r_1.5_s_50_BBIOP2189-24_fcleaner_merge,206731,YP_009729770.1,genus:Copris,null,3311,null,null,211.0,419.0,323.82,322.0,0,75,58,0,0,100.0
BBIOP2210-24_r_1.5_s_100_BBIOP2210-24_fcleaner_merge,BBIOP2210-24,r_1.5_s_100_fcleaner_merge,>BBIOP2210-24_r_1.5_s_100_BBIOP2210-24_fcleaner_merge,2722828,YP_010631648.1,family:Glaphyridae,null,1050,null,null,0.0,163.0,58.12,57.0,0,116,15,0,0,86.89
BBIOP2202-24_r_1.3_s_50_BBIOP2202-24_fcleaner_merge,BBIOP2202-24,r_1.3_s_50_fcleaner_merge,>BBIOP2202-24_r_1.3_s_50_BBIOP2202-24_fcleaner_merge,166350,AND96251.1,genus:Onthophagus,null,216,null,null,0.0,27.0,12.28,12.0,0,182,7,0,0,97.67
BBIOP2275-24_r_1.5_s_100_BBIOP2275-24_fcleaner_merge,BBIOP2275-24,r_1.5_s_100_fcleaner_merge,>BBIOP2275-24_r_1.5_s_100_BBIOP2275-24_fcleaner_merge,1971888,XCN33691.1,subfamily:Melolonthinae,null,359,null,null,0.0,83.0,16.11,14.0,0,50,4,0,0,96.1
BBIOP2244-24_r_1_s_100_BBIOP2244-24_fcleaner_merge,BBIOP2244-24,r_1_s_100_fcleaner_merge,>BBIOP2244-24_r_1_s_100_BBIOP2244-24_fcleaner_merge,702309,AND96251.1,family:Scarabaeidae,null,112,null,null,0.0,18.0,5.77,5.0,0,32,3,0,0,94.77
BBIOP2227-24_r_1_s_100_BBIOP2227-24_fcleaner_merge,BBIOP2227-24,r_1_s_100_fcleaner_merge,>BBIOP2227-24_r_1_s_100_BBIOP2227-24_fcleaner_merge,702309,AND96251.1,family:Scarabaeidae,null,196,null,null,0.0,71.0,19.24,14.0,0,14,9,0,0,62.4
BBIOP2254-24_r_1_s_100_BBIOP2254-24_fcleaner_merge,BBIOP2254-24,r_1_s_100_fcleaner_merge,>BBIOP2254-24_r_1_s_100_BBIOP2254-24_fcleaner_merge,1720622,WJR82112.1,genus:Amphimallon,null,29,null,null,0.0,5.0,1.29,1.0,0,142,1,0,0,54.4
BBIOP2189-24_r_1_s_50_BBIOP2189-24_fcleaner_merge,BBIOP2189-24,r_1_s_50_fcleaner_merge,>BBIOP2189-24_r_1_s_50_BBIOP2189-24_fcleaner_merge,206731,YP_009729770.1,genus:Copris,null,3358,null,null,218.0,421.0,326.88,324.5,0,94,61,0,0,100.0
BBIOP2262-24_r_1.3_s_100_BBIOP2262-24_fcleaner_merge,BBIOP2262-24,r_1.3_s_100_fcleaner_merge,>BBIOP2262-24_r_1.3_s_100_BBIOP2262-24_fcleaner_merge,1720622,WJR82112.1,genus:Amphimallon,null,1669,null,null,18.0,272.0,90.21,76.0,0,67,12,0,0,100.0
BBIOP2224-24_r_1.3_s_50_BBIOP2224-24_fcleaner_merge,BBIOP2224-24,r_1.3_s_50_fcleaner_merge,>BBIOP2224-24_r_1.3_s_50_BBIOP2224-24_fcleaner_merge,702309,AND96251.1,family:Scarabaeidae,null,492,null,null,0.0,68.0,15.04,11.0,0,128,26,0,0,92.83
BBIOP2272-24_r_1.3_s_50_BBIOP2272-24_fcleaner_merge,BBIOP2272-24,r_1.3_s_50_fcleaner_merge,>BBIOP2272-24_r_1.3_s_50_BBIOP2272-24_fcleaner_merge,1971888,XCN33691.1,subfamily:Melolonthinae,null,127,null,null,0.0,45.0,5.62,0.0,0,45,5,0,0,47.76
BBIOP2266-24_r_1.5_s_100_BBIOP2266-24_fcleaner_merge,BBIOP2266-24,r_1.5_s_100_fcleaner_merge,>BBIOP2266-24_r_1.5_s_100_BBIOP2266-24_fcleaner_merge,1720622,WJR82112.1,genus:Amphimallon,null,1052,null,null,15.0,110.0,60.05,60.0,0,17,13,0,0,100.0
BBIOP2273-24_r_1_s_100_BBIOP2273-24_fcleaner_merge,BBIOP2273-24,r_1_s_100_fcleaner_merge,>BBIOP2273-24_r_1_s_100_BBIOP2273-24_fcleaner_merge,1971888,XCN33691.1,subfamily:Melolonthinae,null,224,null,null,0.0,75.0,18.75,14.0,0,8,9,0,0,69.59
BBIOP2229-24_r_1_s_100_BBIOP2229-24_fcleaner_merge,BBIOP2229-24,r_1_s_100_fcleaner_merge,>BBIOP2229-24_r_1_s_100_BBIOP2229-24_fcleaner_merge,702309,AND96251.1,family:Scarabaeidae,null,27,null,null,0.0,6.0,1.17,0.0,0,49,1,0,0,48.06
BBIOP2246-24_r_1.5_s_50_BBIOP2246-24_fcleaner_merge,BBIOP2246-24,r_1.5_s_50_fcleaner_merge,>BBIOP2246-24_r_1.5_s_50_BBIOP2246-24_fcleaner_merge,1720622,WJR82112.1,genus:Amphimallon,null,650,null,null,3.0,73.0,29.81,27.0,0,32,4,0,0,100.0
BBIOP2273-24_r_1.5_s_50_BBIOP2273-24_fcleaner_merge,BBIOP2273-24,r_1.5_s_50_fcleaner_merge,>BBIOP2273-24_r_1.5_s_50_BBIOP2273-24_fcleaner_merge,1971888,XCN33691.1,subfamily:Melolonthinae,null,78,null,null,0.0,20.0,2.34,0.0,0,67,1,0,0,41.13
BBIOP2190-24_r_1_s_50_BBIOP2190-24_fcleaner_merge,BBIOP2190-24,r_1_s_50_fcleaner_merge,>BBIOP2190-24_r_1_s_50_BBIOP2190-24_fcleaner_merge,166326,AND96368.1,species:Bubas bison,null,267,null,null,0.0,66.0,14.97,13.0,0,54,13,0,0,80.27
BBIOP2225-24_r_1.5_s_50_BBIOP2225-24_fcleaner_merge,BBIOP2225-24,r_1.5_s_50_fcleaner_merge,>BBIOP2225-24_r_1.5_s_50_BBIOP2225-24_fcleaner_merge,702309,AND96251.1,family:Scarabaeidae,null,1387,null,null,0.0,126.0,70.18,76.5,0,122,48,0,0,94.96
BBIOP2191-24_r_1_s_50_BBIOP2191-24_fcleaner_merge,BBIOP2191-24,r_1_s_50_fcleaner_merge,>BBIOP2191-24_r_1_s_50_BBIOP2191-24_fcleaner_merge,166340,AND96355.1,species:Bubas bubalus,null,2698,null,null,65.0,370.0,170.89,155.0,0,496,48,0,0,100.0
BBIOP2216-24_r_1.5_s_50_BBIOP2216-24_fcleaner_merge,BBIOP2216-24,r_1.5_s_50_fcleaner_merge,>BBIOP2216-24_r_1.5_s_50_BBIOP2216-24_fcleaner_merge,702309,AND96251.1,family:Scarabaeidae,null,173,null,null,0.0,35.0,6.43,4.0,0,39,2,0,0,83.91
BBIOP2230-24_r_1_s_50_BBIOP2230-24_fcleaner_merge,BBIOP2230-24,r_1_s_50_fcleaner_merge,>BBIOP2230-24_r_1_s_50_BBIOP2230-24_fcleaner_merge,702309,AND96251.1,family:Scarabaeidae,null,156,null,null,0.0,19.0,5.53,5.0,0,152,12,0,0,87.4
BBIOP2212-24_r_1.5_s_50_BBIOP2212-24_fcleaner_merge,BBIOP2212-24,r_1.5_s_50_fcleaner_merge,>BBIOP2212-24_r_1.5_s_50_BBIOP2212-24_fcleaner_merge,2722830,YP_010631648.1,family:Glaphyridae,null,423,null,null,0.0,88.0,16.53,13.0,0,67,18,0,0,93.54
BBIOP2204-24_r_1.5_s_50_BBIOP2204-24_fcleaner_merge,BBIOP2204-24,r_1.5_s_50_fcleaner_merge,>BBIOP2204-24_r_1.5_s_50_BBIOP2204-24_fcleaner_merge,1541080,AND96251.1,genus:Onthophagus,null,17,null,null,0.0,9.0,0.88,0.0,0,2,0,0,0,24.61
BBIOP2232-24_r_1.3_s_100_BBIOP2232-24_fcleaner_merge,BBIOP2232-24,r_1.3_s_100_fcleaner_merge,>BBIOP2232-24_r_1.3_s_100_BBIOP2232-24_fcleaner_merge,702309,AND96251.1,family:Scarabaeidae,null,374,null,null,0.0,43.0,22.8,23.0,0,31,7,0,0,99.03
BBIOP2232-24_r_1_s_100_BBIOP2232-24_fcleaner_merge,BBIOP2232-24,r_1_s_100_fcleaner_merge,>BBIOP2232-24_r_1_s_100_BBIOP2232-24_fcleaner_merge,702309,AND96251.1,family:Scarabaeidae,null,392,null,null,0.0,43.0,24.12,24.0,0,63,7,0,0,99.03
BBIOP2267-24_r_1.5_s_100_BBIOP2267-24_fcleaner_merge,BBIOP2267-24,r_1.5_s_100_fcleaner_merge,>BBIOP2267-24_r_1.5_s_100_BBIOP2267-24_fcleaner_merge,1720622,WJR82112.1,genus:Amphimallon,null,937,null,null,0.0,140.0,42.57,37.0,0,58,6,0,0,99.22
BBIOP2219-24_r_1.5_s_100_BBIOP2219-24_fcleaner_merge,BBIOP2219-24,r_1.5_s_100_fcleaner_merge,>BBIOP2219-24_r_1.5_s_100_BBIOP2219-24_fcleaner_merge,702309,AND96251.1,family:Scarabaeidae,null,222,null,null,0.0,37.0,11.66,10.0,0,25,6,0,0,91.28
BBIOP2277-24_r_1_s_100_BBIOP2277-24_fcleaner_merge,BBIOP2277-24,r_1_s_100_fcleaner_merge,>BBIOP2277-24_r_1_s_100_BBIOP2277-24_fcleaner_merge,1971888,XCN33691.1,subfamily:Melolonthinae,null,50,null,null,0.0,18.0,5.2,3.0,0,34,5,0,3,65.3
BBIOP2228-24_r_1.3_s_50_BBIOP2228-24_fcleaner_merge,BBIOP2228-24,r_1.3_s_50_fcleaner_merge,>BBIOP2228-24_r_1.3_s_50_BBIOP2228-24_fcleaner_merge,702309,AND96251.1,family:Scarabaeidae,null,50,null,null,0.0,20.0,1.79,0.0,0,112,1,0,0,38.37
BBIOP2193-24_r_1_s_50_BBIOP2193-24_fcleaner_merge,BBIOP2193-24,r_1_s_50_fcleaner_merge,>BBIOP2193-24_r_1_s_50_BBIOP2193-24_fcleaner_merge,166330,AND96329.1,genus:Onitis,null,10653,null,null,0.0,744.0,400.39,397.0,0,2218,94,0,0,99.81
BBIOP2186-24_r_1_s_50_BBIOP2186-24_fcleaner_merge,BBIOP2186-24,r_1_s_50_fcleaner_merge,>BBIOP2186-24_r_1_s_50_BBIOP2186-24_fcleaner_merge,1172027,AND96251.1,subfamily:Scarabaeinae,null,1778,null,null,0.0,195.0,59.96,48.0,0,804,19,0,0,99.42
BBIOP2276-24_r_1.3_s_100_BBIOP2276-24_fcleaner_merge,BBIOP2276-24,r_1.3_s_100_fcleaner_merge,>BBIOP2276-24_r_1.3_s_100_BBIOP2276-24_fcleaner_merge,1971888,XCN33691.1,subfamily:Melolonthinae,null,94,null,null,0.0,17.0,5.23,4.0,0,10,1,0,0,83.63
BBIOP2245-24_r_1.3_s_50_BBIOP2245-24_fcleaner_merge,BBIOP2245-24,r_1.3_s_50_fcleaner_merge,>BBIOP2245-24_r_1.3_s_50_BBIOP2245-24_fcleaner_merge,1720622,WJR82112.1,genus:Amphimallon,null,1019,null,null,17.0,100.0,49.29,46.0,0,110,9,0,0,100.0
BBIOP2245-24_r_1_s_50_BBIOP2245-24_fcleaner_merge,BBIOP2245-24,r_1_s_50_fcleaner_merge,>BBIOP2245-24_r_1_s_50_BBIOP2245-24_fcleaner_merge,1720622,WJR82112.1,genus:Amphimallon,null,1041,null,null,17.0,100.0,50.31,48.0,0,156,9,0,0,100.0
BBIOP2191-24_r_1.3_s_50_BBIOP2191-24_fcleaner_merge,BBIOP2191-24,r_1.3_s_50_fcleaner_merge,>BBIOP2191-24_r_1.3_s_50_BBIOP2191-24_fcleaner_merge,166340,AND96355.1,species:Bubas bubalus,null,2698,null,null,65.0,370.0,170.89,155.0,0,494,48,0,0,100.0
BBIOP2259-24_r_1.3_s_50_BBIOP2259-24_fcleaner_merge,BBIOP2259-24,r_1.3_s_50_fcleaner_merge,>BBIOP2259-24_r_1.3_s_50_BBIOP2259-24_fcleaner_merge,1720622,WJR82112.1,genus:Amphimallon,null,89,null,null,0.0,19.0,3.3,2.0,0,138,3,0,0,75.73
BBIOP2249-24_r_1_s_100_BBIOP2249-24_fcleaner_merge,BBIOP2249-24,r_1_s_100_fcleaner_merge,>BBIOP2249-24_r_1_s_100_BBIOP2249-24_fcleaner_merge,1720622,WJR82112.1,genus:Amphimallon,null,23,null,null,0.0,10.0,1.21,0.0,0,79,0,0,0,41.88
BBIOP2205-24_r_1.5_s_100_BBIOP2205-24_fcleaner,BBIOP2205-24,r_1.5_s_100_fcleaner_merge,null,166353,AND96251.1,genus:Onthophagus,null,0,null,null,0.0,0.0,0.0,0.0,0,0,0,0,0,0.0
BBIOP2246-24_r_1.3_s_50_BBIOP2246-24_fcleaner_merge,BBIOP2246-24,r_1.3_s_50_fcleaner_merge,>BBIOP2246-24_r_1.3_s_50_BBIOP2246-24_fcleaner_merge,1720622,WJR82112.1,genus:Amphimallon,null,736,null,null,11.0,74.0,33.31,29.0,0,55,0,0,0,100.0
BBIOP2217-24_r_1_s_50_BBIOP2217-24_fcleaner_merge,BBIOP2217-24,r_1_s_50_fcleaner_merge,>BBIOP2217-24_r_1_s_50_BBIOP2217-24_fcleaner_merge,702309,AND96251.1,family:Scarabaeidae,null,502,null,null,0.0,52.0,19.08,19.0,0,225,13,0,0,98.06
BBIOP2187-24_r_1.5_s_50_BBIOP2187-24_fcleaner_merge,BBIOP2187-24,r_1.5_s_50_fcleaner_merge,>BBIOP2187-24_r_1.5_s_50_BBIOP2187-24_fcleaner_merge,166368,XPK45401.1,genus:Gymnopleurus,null,7389,null,null,0.0,1435.0,389.8,311.5,0,2313,47,0,0,99.81
BBIOP2261-24_r_1.5_s_50_BBIOP2261-24_fcleaner_merge,BBIOP2261-24,r_1.5_s_50_fcleaner_merge,>BBIOP2261-24_r_1.5_s_50_BBIOP2261-24_fcleaner_merge,1720622,WJR82112.1,genus:Amphimallon,null,1250,null,null,0.0,177.0,43.79,33.0,0,229,2,0,0,97.26
BBIOP2236-24_r_1.5_s_100_BBIOP2236-24_fcleaner_merge,BBIOP2236-24,r_1.5_s_100_fcleaner_merge,>BBIOP2236-24_r_1.5_s_100_BBIOP2236-24_fcleaner_merge,702309,AND96251.1,family:Scarabaeidae,null,137,null,null,0.0,23.0,6.96,6.0,0,7,5,0,0,81.59
BBIOP2206-24_r_1.3_s_50_BBIOP2206-24_fcleaner_merge,BBIOP2206-24,r_1.3_s_50_fcleaner_merge,>BBIOP2206-24_r_1.3_s_50_BBIOP2206-24_fcleaner_merge,166353,AND96251.1,genus:Onthophagus,null,176,null,null,0.0,40.0,7.05,6.0,0,246,13,0,0,75.19
BBIOP2230-24_r_1_s_100_BBIOP2230-24_fcleaner_merge,BBIOP2230-24,r_1_s_100_fcleaner_merge,>BBIOP2230-24_r_1_s_100_BBIOP2230-24_fcleaner_merge,702309,AND96251.1,family:Scarabaeidae,null,34,null,null,0.0,8.0,1.87,0.0,0,63,1,0,0,46.71
BBIOP2279-24_r_1.3_s_50_BBIOP2279-24_fcleaner_merge,BBIOP2279-24,r_1.3_s_50_fcleaner_merge,>BBIOP2279-24_r_1.3_s_50_BBIOP2279-24_fcleaner_merge,1971888,XCN33691.1,subfamily:Melolonthinae,null,281,null,null,0.0,45.0,11.05,9.0,0,121,15,0,0,98.83
BBIOP2269-24_r_1.3_s_50_BBIOP2269-24_fcleaner_merge,BBIOP2269-24,r_1.3_s_50_fcleaner_merge,>BBIOP2269-24_r_1.3_s_50_BBIOP2269-24_fcleaner_merge,1720622,WJR82112.1,genus:Amphimallon,null,2519,null,null,10.0,345.0,84.68,73.0,0,220,35,0,0,100.0
BBIOP2243-24_r_1_s_50_BBIOP2243-24_fcleaner_merge,BBIOP2243-24,r_1_s_50_fcleaner_merge,>BBIOP2243-24_r_1_s_50_BBIOP2243-24_fcleaner_merge,702309,AND96251.1,family:Scarabaeidae,null,121347,null,null,0.0,11592.0,5407.0,4889.0,0,15381,1341,0,0,99.03
BBIOP2212-24_r_1.3_s_100_BBIOP2212-24_fcleaner_merge,BBIOP2212-24,r_1.3_s_100_fcleaner_merge,>BBIOP2212-24_r_1.3_s_100_BBIOP2212-24_fcleaner_merge,2722830,YP_010631648.1,family:Glaphyridae,null,182,null,null,0.0,53.0,9.63,7.0,0,13,10,0,0,91.19
BBIOP2270-24_r_1.5_s_50_BBIOP2270-24_fcleaner_merge,BBIOP2270-24,r_1.5_s_50_fcleaner_merge,>BBIOP2270-24_r_1.5_s_50_BBIOP2270-24_fcleaner_merge,1720622,WJR82112.1,genus:Amphimallon,null,582,null,null,0.0,137.0,18.74,13.0,0,181,13,0,0,89.04
BBIOP2187-24_r_1.5_s_100_BBIOP2187-24_fcleaner_merge,BBIOP2187-24,r_1.5_s_100_fcleaner_merge,>BBIOP2187-24_r_1.5_s_100_BBIOP2187-24_fcleaner_merge,166368,XPK45401.1,genus:Gymnopleurus,null,5123,null,null,0.0,961.0,317.55,263.0,0,1340,36,0,0,99.81
BBIOP2186-24_r_1.3_s_100_BBIOP2186-24_fcleaner_merge,BBIOP2186-24,r_1.3_s_100_fcleaner_merge,>BBIOP2186-24_r_1.3_s_100_BBIOP2186-24_fcleaner_merge,1172027,AND96251.1,subfamily:Scarabaeinae,null,366,null,null,0.0,67.0,16.68,15.0,0,128,3,0,0,92.83
BBIOP2222-24_r_1_s_100_BBIOP2222-24_fcleaner_merge,BBIOP2222-24,r_1_s_100_fcleaner_merge,>BBIOP2222-24_r_1_s_100_BBIOP2222-24_fcleaner_merge,702309,AND96251.1,family:Scarabaeidae,null,18,null,null,0.0,5.0,1.23,0.0,0,149,1,0,3,43.99
BBIOP2243-24_r_1.3_s_100_BBIOP2243-24_fcleaner_merge,BBIOP2243-24,r_1.3_s_100_fcleaner_merge,>BBIOP2243-24_r_1.3_s_100_BBIOP2243-24_fcleaner_merge,702309,AND96251.1,family:Scarabaeidae,null,64540,null,null,0.0,7247.0,3535.34,3338.5,0,5516,858,0,0,99.03
BBIOP2205-24_r_1.3_s_50_BBIOP2205-24_fcleaner_merge,BBIOP2205-24,r_1.3_s_50_fcleaner_merge,>BBIOP2205-24_r_1.3_s_50_BBIOP2205-24_fcleaner_merge,166353,AND96251.1,genus:Onthophagus,null,40,null,null,0.0,15.0,1.31,0.0,0,4,1,0,0,18.99
BBIOP2271-24_r_1_s_100_BBIOP2271-24_fcleaner_merge,BBIOP2271-24,r_1_s_100_fcleaner_merge,>BBIOP2271-24_r_1_s_100_BBIOP2271-24_fcleaner_merge,1720622,WJR82112.1,genus:Amphimallon,null,325,null,null,0.0,55.0,15.57,16.0,0,484,1,0,0,82.97
BBIOP2255-24_r_1.3_s_50_BBIOP2255-24_fcleaner_merge,BBIOP2255-24,r_1.3_s_50_fcleaner_merge,>BBIOP2255-24_r_1.3_s_50_BBIOP2255-24_fcleaner_merge,1720622,WJR82112.1,genus:Amphimallon,null,823,null,null,0.0,87.0,28.94,26.0,0,201,5,0,0,98.24
BBIOP2198-24_r_1.3_s_50_BBIOP2198-24_fcleaner_merge,BBIOP2198-24,r_1.3_s_50_fcleaner_merge,>BBIOP2198-24_r_1.3_s_50_BBIOP2198-24_fcleaner_merge,166365,AND96251.1,tribe:Onthophagini,null,18685,null,null,0.0,2011.0,1311.24,1280.0,0,2335,186,0,0,99.22
BBIOP2232-24_r_1.5_s_50_BBIOP2232-24_fcleaner_merge,BBIOP2232-24,r_1.5_s_50_fcleaner_merge,>BBIOP2232-24_r_1.5_s_50_BBIOP2232-24_fcleaner_merge,702309,AND96251.1,family:Scarabaeidae,null,553,null,null,0.0,53.0,27.47,28.0,0,38,6,0,0,97.09
BBIOP2264-24_r_1_s_50_BBIOP2264-24_fcleaner_merge,BBIOP2264-24,r_1_s_50_fcleaner_merge,>BBIOP2264-24_r_1_s_50_BBIOP2264-24_fcleaner_merge,1720622,WJR82112.1,genus:Amphimallon,null,2327,null,null,3.0,300.0,76.77,69.0,0,285,39,0,0,100.0
BBIOP2247-24_r_1.5_s_100_BBIOP2247-24_fcleaner_merge,BBIOP2247-24,r_1.5_s_100_fcleaner_merge,>BBIOP2247-24_r_1.5_s_100_BBIOP2247-24_fcleaner_merge,1720622,WJR82112.1,genus:Amphimallon,null,5257,null,null,140.0,666.0,349.28,341.0,0,70,34,0,0,100.0
BBIOP2271-24_r_1.3_s_100_BBIOP2271-24_fcleaner_merge,BBIOP2271-24,r_1.3_s_100_fcleaner_merge,>BBIOP2271-24_r_1.3_s_100_BBIOP2271-24_fcleaner_merge,1720622,WJR82112.1,genus:Amphimallon,null,461,null,null,1.0,76.0,21.85,18.0,0,149,7,0,0,100.0
BBIOP2255-24_r_1_s_100_BBIOP2255-24_fcleaner_merge,BBIOP2255-24,r_1_s_100_fcleaner_merge,>BBIOP2255-24_r_1_s_100_BBIOP2255-24_fcleaner_merge,1720622,WJR82112.1,genus:Amphimallon,null,164,null,null,0.0,33.0,7.57,6.0,0,235,0,0,0,82.0
BBIOP2236-24_r_1_s_100_BBIOP2236-24_fcleaner_merge,BBIOP2236-24,r_1_s_100_fcleaner_merge,>BBIOP2236-24_r_1_s_100_BBIOP2236-24_fcleaner_merge,702309,AND96251.1,family:Scarabaeidae,null,111,null,null,0.0,26.0,5.75,4.0,0,144,6,0,0,84.11
BBIOP2221-24_r_1.5_s_100_BBIOP2221-24_fcleaner_merge,BBIOP2221-24,r_1.5_s_100_fcleaner_merge,>BBIOP2221-24_r_1.5_s_100_BBIOP2221-24_fcleaner_merge,702309,AND96251.1,family:Scarabaeidae,null,269,null,null,0.0,44.0,12.82,10.0,0,15,2,0,0,90.31
BBIOP2260-24_r_1_s_50_BBIOP2260-24_fcleaner_merge,BBIOP2260-24,r_1_s_50_fcleaner_merge,>BBIOP2260-24_r_1_s_50_BBIOP2260-24_fcleaner_merge,1720622,WJR82112.1,genus:Amphimallon,null,128,null,null,0.0,19.0,4.59,3.0,0,444,7,0,0,76.32
BBIOP2206-24_r_1_s_50_BBIOP2206-24_fcleaner_merge,BBIOP2206-24,r_1_s_50_fcleaner_merge,>BBIOP2206-24_r_1_s_50_BBIOP2206-24_fcleaner_merge,166353,AND96251.1,genus:Onthophagus,null,612,null,null,0.0,159.0,30.91,15.0,0,423,58,0,3,81.01
BBIOP2280-24_r_1.3_s_100_BBIOP2280-24_fcleaner_merge,BBIOP2280-24,r_1.3_s_100_fcleaner_merge,>BBIOP2280-24_r_1.3_s_100_BBIOP2280-24_fcleaner_merge,1971888,XCN33691.1,subfamily:Melolonthinae,null,564,null,null,0.0,67.0,26.54,24.0,0,30,3,0,0,99.81
BBIOP2246-24_r_1.5_s_100_BBIOP2246-24_fcleaner_merge,BBIOP2246-24,r_1.5_s_100_fcleaner_merge,>BBIOP2246-24_r_1.5_s_100_BBIOP2246-24_fcleaner_merge,1720622,WJR82112.1,genus:Amphimallon,null,391,null,null,2.0,61.0,21.87,21.0,0,10,3,0,0,100.0
BBIOP2231-24_r_1.3_s_100_BBIOP2231-24_fcleaner_merge,BBIOP2231-24,r_1.3_s_100_fcleaner_merge,>BBIOP2231-24_r_1.3_s_100_BBIOP2231-24_fcleaner_merge,702309,AND96251.1,family:Scarabaeidae,null,478,null,null,0.0,63.0,27.09,27.0,0,19,7,0,0,98.84
BBIOP2187-24_r_1.3_s_50_BBIOP2187-24_fcleaner_merge,BBIOP2187-24,r_1.3_s_50_fcleaner_merge,>BBIOP2187-24_r_1.3_s_50_BBIOP2187-24_fcleaner_merge,166368,XPK45401.1,genus:Gymnopleurus,null,7533,null,null,0.0,1453.0,395.73,313.5,0,2436,56,0,0,99.81
BBIOP2254-24_r_1.5_s_100_BBIOP2254-24_fcleaner_merge,BBIOP2254-24,r_1.5_s_100_fcleaner_merge,>BBIOP2254-24_r_1.5_s_100_BBIOP2254-24_fcleaner_merge,1720622,WJR82112.1,genus:Amphimallon,null,117,null,null,0.0,29.0,5.38,4.0,0,11,1,0,0,78.28
BBIOP2230-24_r_1.5_s_100_BBIOP2230-24_fcleaner_merge,BBIOP2230-24,r_1.5_s_100_fcleaner_merge,>BBIOP2230-24_r_1.5_s_100_BBIOP2230-24_fcleaner_merge,702309,AND96251.1,family:Scarabaeidae,null,50,null,null,0.0,9.0,2.37,2.0,0,6,3,0,0,66.09
BBIOP2207-24_r_1.5_s_100_BBIOP2207-24_fcleaner_merge,BBIOP2207-24,r_1.5_s_100_fcleaner_merge,>BBIOP2207-24_r_1.5_s_100_BBIOP2207-24_fcleaner_merge,476056,AND96251.1,genus:Onthophagus,null,125,null,null,0.0,24.0,6.91,7.0,0,32,2,0,0,85.66
BBIOP2208-24_r_1.3_s_100_BBIOP2208-24_fcleaner_merge,BBIOP2208-24,r_1.3_s_100_fcleaner_merge,>BBIOP2208-24_r_1.3_s_100_BBIOP2208-24_fcleaner_merge,166359,AND96251.1,genus:Onthophagus,null,164,null,null,0.0,30.0,10.64,9.0,0,42,13,0,0,85.66
BBIOP2267-24_r_1_s_50_BBIOP2267-24_fcleaner_merge,BBIOP2267-24,r_1_s_50_fcleaner_merge,>BBIOP2267-24_r_1_s_50_BBIOP2267-24_fcleaner_merge,1720622,WJR82112.1,genus:Amphimallon,null,3237,null,null,2.0,473.0,113.63,105.0,0,928,12,0,0,100.0
BBIOP2278-24_r_1.3_s_100_BBIOP2278-24_fcleaner_merge,BBIOP2278-24,r_1.3_s_100_fcleaner_merge,>BBIOP2278-24_r_1.3_s_100_BBIOP2278-24_fcleaner_merge,1971888,XCN33691.1,subfamily:Melolonthinae,null,487,null,null,4.0,61.0,25.24,24.0,0,48,18,0,0,100.0
BBIOP2251-24_r_1.3_s_100_BBIOP2251-24_fcleaner_merge,BBIOP2251-24,r_1.3_s_100_fcleaner_merge,>BBIOP2251-24_r_1.3_s_100_BBIOP2251-24_fcleaner_merge,1720622,WJR82112.1,genus:Amphimallon,null,43,null,null,0.0,25.0,4.23,0.0,0,4,1,0,0,26.61
BBIOP2225-24_r_1.5_s_100_BBIOP2225-24_fcleaner_merge,BBIOP2225-24,r_1.5_s_100_fcleaner_merge,>BBIOP2225-24_r_1.5_s_100_BBIOP2225-24_fcleaner_merge,702309,AND96251.1,family:Scarabaeidae,null,919,null,null,0.0,100.0,55.52,61.0,0,62,29,0,0,91.86
BBIOP2242-24_r_1_s_50_BBIOP2242-24_fcleaner_merge,BBIOP2242-24,r_1_s_50_fcleaner_merge,>BBIOP2242-24_r_1_s_50_BBIOP2242-24_fcleaner_merge,702309,AND96251.1,family:Scarabaeidae,null,4964,null,null,0.0,447.0,192.2,188.5,0,1083,249,0,0,99.03
BBIOP2257-24_r_1_s_100_BBIOP2257-24_fcleaner_merge,BBIOP2257-24,r_1_s_100_fcleaner_merge,>BBIOP2257-24_r_1_s_100_BBIOP2257-24_fcleaner_merge,1720622,WJR82112.1,genus:Amphimallon,null,85,null,null,0.0,50.0,8.24,4.0,0,235,4,0,3,79.65
BBIOP2231-24_r_1.5_s_50_BBIOP2231-24_fcleaner_merge,BBIOP2231-24,r_1.5_s_50_fcleaner_merge,>BBIOP2231-24_r_1.5_s_50_BBIOP2231-24_fcleaner_merge,702309,AND96251.1,family:Scarabaeidae,null,693,null,null,0.0,84.0,32.53,34.0,0,53,8,0,0,97.67
BBIOP2251-24_r_1_s_50_BBIOP2251-24_fcleaner_merge,BBIOP2251-24,r_1_s_50_fcleaner_merge,>BBIOP2251-24_r_1_s_50_BBIOP2251-24_fcleaner_merge,1720622,WJR82112.1,genus:Amphimallon,null,463,null,null,0.0,124.0,33.33,31.0,0,109,34,0,3,83.95
BBIOP2258-24_r_1_s_50_BBIOP2258-24_fcleaner_merge,BBIOP2258-24,r_1_s_50_fcleaner_merge,>BBIOP2258-24_r_1_s_50_BBIOP2258-24_fcleaner_merge,1720622,WJR82112.1,genus:Amphimallon,null,1068,null,null,6.0,143.0,76.33,75.0,0,529,62,0,0,100.0
BBIOP2223-24_r_1.3_s_50_BBIOP2223-24_fcleaner_merge,BBIOP2223-24,r_1.3_s_50_fcleaner_merge,>BBIOP2223-24_r_1.3_s_50_BBIOP2223-24_fcleaner_merge,702309,AND96251.1,family:Scarabaeidae,null,468,null,null,0.0,45.0,16.88,15.0,0,126,10,0,0,94.19
BBIOP2253-24_r_1.3_s_50_BBIOP2253-24_fcleaner_merge,BBIOP2253-24,r_1.3_s_50_fcleaner_merge,>BBIOP2253-24_r_1.3_s_50_BBIOP2253-24_fcleaner_merge,1720622,WJR82112.1,genus:Amphimallon,null,131,null,null,0.0,20.0,4.4,3.0,0,181,5,0,0,80.63
BBIOP2270-24_r_1_s_50_BBIOP2270-24_fcleaner_merge,BBIOP2270-24,r_1_s_50_fcleaner_merge,>BBIOP2270-24_r_1_s_50_BBIOP2270-24_fcleaner_merge,1720622,WJR82112.1,genus:Amphimallon,null,670,null,null,0.0,110.0,34.86,30.0,0,913,57,0,3,94.91
BBIOP2244-24_r_1.5_s_50_BBIOP2244-24_fcleaner_merge,BBIOP2244-24,r_1.5_s_50_fcleaner_merge,>BBIOP2244-24_r_1.5_s_50_BBIOP2244-24_fcleaner_merge,702309,AND96251.1,family:Scarabaeidae,null,290,null,null,0.0,45.0,10.37,10.0,0,65,4,0,0,96.71
BBIOP2210-24_r_1.3_s_50_BBIOP2210-24_fcleaner_merge,BBIOP2210-24,r_1.3_s_50_fcleaner_merge,>BBIOP2210-24_r_1.3_s_50_BBIOP2210-24_fcleaner_merge,2722828,YP_010631648.1,family:Glaphyridae,null,2024,null,null,0.0,222.0,95.19,90.0,0,472,41,0,0,99.8
BBIOP2227-24_r_1.5_s_50_BBIOP2227-24_fcleaner_merge,BBIOP2227-24,r_1.5_s_50_fcleaner_merge,>BBIOP2227-24_r_1.5_s_50_BBIOP2227-24_fcleaner_merge,702309,AND96251.1,family:Scarabaeidae,null,88,null,null,0.0,21.0,2.54,0.0,0,36,0,0,0,38.18
BBIOP2235-24_r_1.5_s_100_BBIOP2235-24_fcleaner_merge,BBIOP2235-24,r_1.5_s_100_fcleaner_merge,>BBIOP2235-24_r_1.5_s_100_BBIOP2235-24_fcleaner_merge,702309,AND96251.1,family:Scarabaeidae,null,255,null,null,0.0,35.0,12.72,13.0,0,21,6,0,0,89.53
BBIOP2266-24_r_1.3_s_50_BBIOP2266-24_fcleaner_merge,BBIOP2266-24,r_1.3_s_50_fcleaner_merge,>BBIOP2266-24_r_1.3_s_50_BBIOP2266-24_fcleaner_merge,1720622,WJR82112.1,genus:Amphimallon,null,2019,null,null,43.0,189.0,92.84,90.0,0,94,49,0,0,100.0
BBIOP2190-24_r_1.5_s_50_BBIOP2190-24_fcleaner_merge,BBIOP2190-24,r_1.5_s_50_fcleaner_merge,>BBIOP2190-24_r_1.5_s_50_BBIOP2190-24_fcleaner_merge,166326,AND96368.1,species:Bubas bison,null,20,null,null,0.0,13.0,0.9,0.0,0,30,0,0,0,17.77
BBIOP2210-24_r_1_s_100_BBIOP2210-24_fcleaner_merge,BBIOP2210-24,r_1_s_100_fcleaner_merge,>BBIOP2210-24_r_1_s_100_BBIOP2210-24_fcleaner_merge,2722828,YP_010631648.1,family:Glaphyridae,null,1301,null,null,0.0,167.0,74.4,70.0,0,422,22,0,0,99.8
BBIOP2208-24_r_1_s_100_BBIOP2208-24_fcleaner_merge,BBIOP2208-24,r_1_s_100_fcleaner_merge,>BBIOP2208-24_r_1_s_100_BBIOP2208-24_fcleaner_merge,166359,AND96251.1,genus:Onthophagus,null,145,null,null,0.0,30.0,9.84,8.5,0,142,14,0,3,75.0
BBIOP2186-24_r_1_s_100_BBIOP2186-24_fcleaner_merge,BBIOP2186-24,r_1_s_100_fcleaner_merge,>BBIOP2186-24_r_1_s_100_BBIOP2186-24_fcleaner_merge,1172027,AND96251.1,subfamily:Scarabaeinae,null,209,null,null,0.0,41.0,10.89,9.0,0,492,10,0,0,82.95
BBIOP2214-24_r_1_s_50_BBIOP2214-24_fcleaner_merge,BBIOP2214-24,r_1_s_50_fcleaner_merge,>BBIOP2214-24_r_1_s_50_BBIOP2214-24_fcleaner_merge,702309,AND96251.1,family:Scarabaeidae,null,324,null,null,0.0,40.0,9.71,9.0,0,441,8,0,0,87.4
BBIOP2255-24_r_1.5_s_100_BBIOP2255-24_fcleaner_merge,BBIOP2255-24,r_1.5_s_100_fcleaner_merge,>BBIOP2255-24_r_1.5_s_100_BBIOP2255-24_fcleaner_merge,1720622,WJR82112.1,genus:Amphimallon,null,256,null,null,0.0,56.0,12.01,8.0,0,22,2,0,0,94.72
BBIOP2247-24_r_1.5_s_50_BBIOP2247-24_fcleaner_merge,BBIOP2247-24,r_1.5_s_50_fcleaner_merge,>BBIOP2247-24_r_1.5_s_50_BBIOP2247-24_fcleaner_merge,1720622,WJR82112.1,genus:Amphimallon,null,6675,null,null,141.0,734.0,394.49,386.0,0,236,39,0,0,100.0
BBIOP2235-24_r_1_s_100_BBIOP2235-24_fcleaner_merge,BBIOP2235-24,r_1_s_100_fcleaner_merge,>BBIOP2235-24_r_1_s_100_BBIOP2235-24_fcleaner_merge,702309,AND96251.1,family:Scarabaeidae,null,270,null,null,0.0,34.0,13.54,13.0,0,92,7,0,0,95.93
BBIOP2251-24_r_1.3_s_50_BBIOP2251-24_fcleaner_merge,BBIOP2251-24,r_1.3_s_50_fcleaner_merge,>BBIOP2251-24_r_1.3_s_50_BBIOP2251-24_fcleaner_merge,1720622,WJR82112.1,genus:Amphimallon,null,76,null,null,0.0,31.0,4.69,0.0,0,164,0,0,0,42.07
BBIOP2209-24_r_1.5_s_100_BBIOP2209-24_fcleaner_merge,BBIOP2209-24,r_1.5_s_100_fcleaner_merge,>BBIOP2209-24_r_1.5_s_100_BBIOP2209-24_fcleaner_merge,2722829,YP_010631648.1,family:Glaphyridae,null,85,null,null,0.0,17.0,4.2,3.0,0,6,2,0,0,82.19
BBIOP2277-24_r_1.3_s_50_BBIOP2277-24_fcleaner_merge,BBIOP2277-24,r_1.3_s_50_fcleaner_merge,>BBIOP2277-24_r_1.3_s_50_BBIOP2277-24_fcleaner_merge,1971888,XCN33691.1,subfamily:Melolonthinae,null,19,null,null,0.0,8.0,0.53,0.0,0,62,0,0,0,26.71
BBIOP2215-24_r_1_s_100_BBIOP2215-24_fcleaner_merge,BBIOP2215-24,r_1_s_100_fcleaner_merge,>BBIOP2215-24_r_1_s_100_BBIOP2215-24_fcleaner_merge,702309,AND96251.1,family:Scarabaeidae,null,536,null,null,0.0,122.0,26.09,22.0,0,63,5,0,0,99.03
BBIOP2278-24_r_1.5_s_50_BBIOP2278-24_fcleaner_merge,BBIOP2278-24,r_1.5_s_50_fcleaner_merge,>BBIOP2278-24_r_1.5_s_50_BBIOP2278-24_fcleaner_merge,1971888,XCN33691.1,subfamily:Melolonthinae,null,990,null,null,9.0,88.0,39.65,38.0,0,121,23,0,0,100.0
BBIOP2263-24_r_1.3_s_50_BBIOP2263-24_fcleaner_merge,BBIOP2263-24,r_1.3_s_50_fcleaner_merge,>BBIOP2263-24_r_1.3_s_50_BBIOP2263-24_fcleaner_merge,1720622,WJR82112.1,genus:Amphimallon,null,1996,null,null,0.0,569.0,59.03,41.0,0,1967,89,0,0,99.22
BBIOP2250-24_r_1.3_s_50_BBIOP2250-24_fcleaner_merge,BBIOP2250-24,r_1.3_s_50_fcleaner_merge,>BBIOP2250-24_r_1.3_s_50_BBIOP2250-24_fcleaner_merge,1720622,WJR82112.1,genus:Amphimallon,null,173,null,null,0.0,22.0,6.01,5.0,0,37,7,0,0,91.39
BBIOP2250-24_r_1_s_100_BBIOP2250-24_fcleaner_merge,BBIOP2250-24,r_1_s_100_fcleaner_merge,>BBIOP2250-24_r_1_s_100_BBIOP2250-24_fcleaner_merge,1720622,WJR82112.1,genus:Amphimallon,null,19,null,null,0.0,8.0,1.11,0.0,0,67,0,0,0,38.75
BBIOP2267-24_r_1.3_s_100_BBIOP2267-24_fcleaner_merge,BBIOP2267-24,r_1.3_s_100_fcleaner_merge,>BBIOP2267-24_r_1.3_s_100_BBIOP2267-24_fcleaner_merge,1720622,WJR82112.1,genus:Amphimallon,null,960,null,null,0.0,140.0,43.84,39.0,0,91,11,0,0,99.61
BBIOP2228-24_r_1.5_s_50_BBIOP2228-24_fcleaner_merge,BBIOP2228-24,r_1.5_s_50_fcleaner_merge,>BBIOP2228-24_r_1.5_s_50_BBIOP2228-24_fcleaner_merge,702309,AND96251.1,family:Scarabaeidae,null,32,null,null,0.0,7.0,0.87,0.0,0,49,1,0,0,25.58
BBIOP2224-24_r_1.5_s_100_BBIOP2224-24_fcleaner_merge,BBIOP2224-24,r_1.5_s_100_fcleaner_merge,>BBIOP2224-24_r_1.5_s_100_BBIOP2224-24_fcleaner_merge,702309,AND96251.1,family:Scarabaeidae,null,56,null,null,0.0,16.0,2.48,0.0,0,10,0,0,0,46.9
BBIOP2200-24_r_1.5_s_100_BBIOP2200-24_fcleaner_merge,BBIOP2200-24,r_1.5_s_100_fcleaner_merge,>BBIOP2200-24_r_1.5_s_100_BBIOP2200-24_fcleaner_merge,166332,AND96251.1,genus:Onthophagus,null,283,null,null,0.0,39.0,16.12,16.0,0,188,3,0,0,99.03
BBIOP2186-24_r_1.5_s_50_BBIOP2186-24_fcleaner_merge,BBIOP2186-24,r_1.5_s_50_fcleaner_merge,>BBIOP2186-24_r_1.5_s_50_BBIOP2186-24_fcleaner_merge,1172027,AND96251.1,subfamily:Scarabaeinae,null,1610,null,null,0.0,233.0,54.81,46.0,0,300,8,0,0,96.51
BBIOP2266-24_r_1.3_s_100_BBIOP2266-24_fcleaner_merge,BBIOP2266-24,r_1.3_s_100_fcleaner_merge,>BBIOP2266-24_r_1.3_s_100_BBIOP2266-24_fcleaner_merge,1720622,WJR82112.1,genus:Amphimallon,null,1132,null,null,16.0,110.0,65.13,66.0,0,29,15,0,0,100.0
BBIOP2202-24_r_1.3_s_100_BBIOP2202-24_fcleaner_merge,BBIOP2202-24,r_1.3_s_100_fcleaner_merge,>BBIOP2202-24_r_1.3_s_100_BBIOP2202-24_fcleaner_merge,166350,AND96251.1,genus:Onthophagus,null,141,null,null,0.0,27.0,9.74,9.0,0,79,4,0,0,96.51
BBIOP2199-24_r_1.3_s_50_BBIOP2199-24_fcleaner_merge,BBIOP2199-24,r_1.3_s_50_fcleaner_merge,>BBIOP2199-24_r_1.3_s_50_BBIOP2199-24_fcleaner_merge,166332,AND96251.1,genus:Onthophagus,null,1748,null,null,0.0,291.0,127.0,117.0,0,448,21,0,0,99.42
BBIOP2229-24_r_1.5_s_100_BBIOP2229-24_fcleaner_merge,BBIOP2229-24,r_1.5_s_100_fcleaner_merge,>BBIOP2229-24_r_1.5_s_100_BBIOP2229-24_fcleaner_merge,702309,AND96251.1,family:Scarabaeidae,null,54,null,null,0.0,8.0,2.52,2.0,0,1,2,0,0,68.6
BBIOP2195-24_r_1.5_s_100_BBIOP2195-24_fcleaner_merge,BBIOP2195-24,r_1.5_s_100_fcleaner_merge,>BBIOP2195-24_r_1.5_s_100_BBIOP2195-24_fcleaner_merge,166346,AND96329.1,genus:Onitis,null,546,null,null,0.0,101.0,26.38,23.0,0,120,53,0,0,97.86
BBIOP2246-24_r_1_s_100_BBIOP2246-24_fcleaner_merge,BBIOP2246-24,r_1_s_100_fcleaner_merge,>BBIOP2246-24_r_1_s_100_BBIOP2246-24_fcleaner_merge,1720622,WJR82112.1,genus:Amphimallon,null,421,null,null,8.0,61.0,23.67,21.0,0,18,4,0,0,100.0
BBIOP2219-24_r_1.5_s_50_BBIOP2219-24_fcleaner_merge,BBIOP2219-24,r_1.5_s_50_fcleaner_merge,>BBIOP2219-24_r_1.5_s_50_BBIOP2219-24_fcleaner_merge,702309,AND96251.1,family:Scarabaeidae,null,504,null,null,0.0,48.0,20.15,18.0,0,64,12,0,0,95.93
BBIOP2200-24_r_1.3_s_100_BBIOP2200-24_fcleaner_merge,BBIOP2200-24,r_1.3_s_100_fcleaner_merge,>BBIOP2200-24_r_1.3_s_100_BBIOP2200-24_fcleaner_merge,166332,AND96251.1,genus:Onthophagus,null,294,null,null,0.0,39.0,16.67,16.0,0,240,9,0,0,99.61
BBIOP2221-24_r_1_s_100_BBIOP2221-24_fcleaner_merge,BBIOP2221-24,r_1_s_100_fcleaner_merge,>BBIOP2221-24_r_1_s_100_BBIOP2221-24_fcleaner_merge,702309,AND96251.1,family:Scarabaeidae,null,274,null,null,0.0,44.0,13.21,11.0,0,75,3,0,0,99.03
BBIOP2225-24_r_1.3_s_50_BBIOP2225-24_fcleaner_merge,BBIOP2225-24,r_1.3_s_50_fcleaner_merge,>BBIOP2225-24_r_1.3_s_50_BBIOP2225-24_fcleaner_merge,702309,AND96251.1,family:Scarabaeidae,null,1640,null,null,0.0,127.0,81.35,87.0,0,219,61,0,0,98.84
BBIOP2260-24_r_1_s_100_BBIOP2260-24_fcleaner_merge,BBIOP2260-24,r_1_s_100_fcleaner_merge,>BBIOP2260-24_r_1_s_100_BBIOP2260-24_fcleaner_merge,1720622,WJR82112.1,genus:Amphimallon,null,61,null,null,0.0,28.0,5.49,3.0,0,98,4,0,0,67.32
BBIOP2269-24_r_1_s_50_BBIOP2269-24_fcleaner_merge,BBIOP2269-24,r_1_s_50_fcleaner_merge,>BBIOP2269-24_r_1_s_50_BBIOP2269-24_fcleaner_merge,1720622,WJR82112.1,genus:Amphimallon,null,2569,null,null,18.0,346.0,86.39,75.0,0,297,43,0,0,100.0
BBIOP2231-24_r_1.3_s_50_BBIOP2231-24_fcleaner_merge,BBIOP2231-24,r_1.3_s_50_fcleaner_merge,>BBIOP2231-24_r_1.3_s_50_BBIOP2231-24_fcleaner_merge,702309,AND96251.1,family:Scarabaeidae,null,777,null,null,0.0,84.0,36.41,38.0,0,96,10,0,0,98.84
BBIOP2280-24_r_1_s_100_BBIOP2280-24_fcleaner_merge,BBIOP2280-24,r_1_s_100_fcleaner_merge,>BBIOP2280-24_r_1_s_100_BBIOP2280-24_fcleaner_merge,1971888,XCN33691.1,subfamily:Melolonthinae,null,564,null,null,0.0,67.0,26.54,24.0,0,53,3,0,0,99.81
BBIOP2237-24_r_1.3_s_50_BBIOP2237-24_fcleaner_merge,BBIOP2237-24,r_1.3_s_50_fcleaner_merge,>BBIOP2237-24_r_1.3_s_50_BBIOP2237-24_fcleaner_merge,702309,AND96251.1,family:Scarabaeidae,null,656,null,null,0.0,66.0,22.14,22.0,0,179,15,0,0,96.12
BBIOP2194-24_r_1.3_s_100_BBIOP2194-24_fcleaner_merge,BBIOP2194-24,r_1.3_s_100_fcleaner_merge,>BBIOP2194-24_r_1.3_s_100_BBIOP2194-24_fcleaner_merge,166346,AND96329.1,genus:Onitis,null,954,null,null,0.0,217.0,51.4,41.0,0,180,79,0,0,99.81
BBIOP2255-24_r_1.3_s_100_BBIOP2255-24_fcleaner_merge,BBIOP2255-24,r_1.3_s_100_fcleaner_merge,>BBIOP2255-24_r_1.3_s_100_BBIOP2255-24_fcleaner_merge,1720622,WJR82112.1,genus:Amphimallon,null,258,null,null,0.0,56.0,12.1,8.0,0,32,4,0,0,95.89
BBIOP2195-24_r_1.5_s_50_BBIOP2195-24_fcleaner_merge,BBIOP2195-24,r_1.5_s_50_fcleaner_merge,>BBIOP2195-24_r_1.5_s_50_BBIOP2195-24_fcleaner_merge,166346,AND96329.1,genus:Onitis,null,1371,null,null,0.0,131.0,50.46,49.0,0,439,120,0,0,98.45
BBIOP2194-24_r_1.5_s_50_BBIOP2194-24_fcleaner_merge,BBIOP2194-24,r_1.5_s_50_fcleaner_merge,>BBIOP2194-24_r_1.5_s_50_BBIOP2194-24_fcleaner_merge,166346,AND96329.1,genus:Onitis,null,1622,null,null,0.0,310.0,72.39,63.0,0,332,115,0,0,99.42
BBIOP2191-24_r_1.5_s_50_BBIOP2191-24_fcleaner_merge,BBIOP2191-24,r_1.5_s_50_fcleaner_merge,>BBIOP2191-24_r_1.5_s_50_BBIOP2191-24_fcleaner_merge,166340,AND96355.1,species:Bubas bubalus,null,2664,null,null,65.0,370.0,169.54,153.0,0,485,46,0,0,100.0
BBIOP2243-24_r_1.5_s_50_BBIOP2243-24_fcleaner_merge,BBIOP2243-24,r_1.5_s_50_fcleaner_merge,>BBIOP2243-24_r_1.5_s_50_BBIOP2243-24_fcleaner_merge,702309,AND96251.1,family:Scarabaeidae,null,104416,null,null,0.0,10895.0,4661.28,4308.5,0,9240,1041,0,0,97.87
BBIOP2277-24_r_1.3_s_100_BBIOP2277-24_fcleaner_merge,BBIOP2277-24,r_1.3_s_100_fcleaner_merge,>BBIOP2277-24_r_1.3_s_100_BBIOP2277-24_fcleaner_merge,1971888,XCN33691.1,subfamily:Melolonthinae,null,1,null,null,0.0,1.0,0.04,0.0,0,35,0,0,0,3.7
BBIOP2235-24_r_1.5_s_50_BBIOP2235-24_fcleaner_merge,BBIOP2235-24,r_1.5_s_50_fcleaner_merge,>BBIOP2235-24_r_1.5_s_50_BBIOP2235-24_fcleaner_merge,702309,AND96251.1,family:Scarabaeidae,null,623,null,null,0.0,55.0,23.84,24.0,0,58,12,0,0,94.77
BBIOP2220-24_r_1.3_s_50_BBIOP2220-24_fcleaner_merge,BBIOP2220-24,r_1.3_s_50_fcleaner_merge,>BBIOP2220-24_r_1.3_s_50_BBIOP2220-24_fcleaner_merge,702309,AND96251.1,family:Scarabaeidae,null,256,null,null,0.0,31.0,9.68,9.0,0,62,18,0,0,95.35
BBIOP2209-24_r_1_s_50_BBIOP2209-24_fcleaner_merge,BBIOP2209-24,r_1_s_50_fcleaner_merge,>BBIOP2209-24_r_1_s_50_BBIOP2209-24_fcleaner_merge,2722829,YP_010631648.1,family:Glaphyridae,null,201,null,null,0.0,67.0,13.03,9.0,0,313,11,0,3,84.74
BBIOP2188-24_r_1.3_s_100_BBIOP2188-24_fcleaner_merge,BBIOP2188-24,r_1.3_s_100_fcleaner_merge,>BBIOP2188-24_r_1.3_s_100_BBIOP2188-24_fcleaner_merge,166368,XPK45401.1,genus:Gymnopleurus,null,31,null,null,0.0,10.0,1.36,0.0,0,92,0,0,0,36.19
BBIOP2216-24_r_1.3_s_100_BBIOP2216-24_fcleaner_merge,BBIOP2216-24,r_1.3_s_100_fcleaner_merge,>BBIOP2216-24_r_1.3_s_100_BBIOP2216-24_fcleaner_merge,702309,AND96251.1,family:Scarabaeidae,null,68,null,null,0.0,18.0,3.49,2.0,0,38,0,0,0,60.08
BBIOP2203-24_r_1.3_s_100_BBIOP2203-24_fcleaner_merge,BBIOP2203-24,r_1.3_s_100_fcleaner_merge,>BBIOP2203-24_r_1.3_s_100_BBIOP2203-24_fcleaner_merge,1541080,AND96251.1,genus:Onthophagus,null,24,null,null,0.0,17.0,1.25,0.0,0,34,0,0,0,26.74
BBIOP2261-24_r_1.5_s_100_BBIOP2261-24_fcleaner_merge,BBIOP2261-24,r_1.5_s_100_fcleaner_merge,>BBIOP2261-24_r_1.5_s_100_BBIOP2261-24_fcleaner_merge,1720622,WJR82112.1,genus:Amphimallon,null,391,null,null,0.0,72.0,18.82,14.0,0,41,2,0,0,95.11
BBIOP2220-24_r_1_s_50_BBIOP2220-24_fcleaner_merge,BBIOP2220-24,r_1_s_50_fcleaner_merge,>BBIOP2220-24_r_1_s_50_BBIOP2220-24_fcleaner_merge,702309,AND96251.1,family:Scarabaeidae,null,315,null,null,0.0,32.0,11.65,10.0,0,141,22,0,0,99.81
BBIOP2252-24_r_1.5_s_100_BBIOP2252-24_fcleaner_merge,BBIOP2252-24,r_1.5_s_100_fcleaner_merge,>BBIOP2252-24_r_1.5_s_100_BBIOP2252-24_fcleaner_merge,1720622,WJR82112.1,genus:Amphimallon,null,716,null,null,1.0,145.0,34.24,28.0,0,23,18,0,0,100.0
BBIOP2190-24_r_1.5_s_100_BBIOP2190-24_fcleaner_merge,BBIOP2190-24,r_1.5_s_100_fcleaner_merge,>BBIOP2190-24_r_1.5_s_100_BBIOP2190-24_fcleaner_merge,166326,AND96368.1,species:Bubas bison,null,12,null,null,0.0,9.0,0.77,0.0,0,8,0,0,0,21.29
BBIOP2256-24_r_1.3_s_50_BBIOP2256-24_fcleaner_merge,BBIOP2256-24,r_1.3_s_50_fcleaner_merge,>BBIOP2256-24_r_1.3_s_50_BBIOP2256-24_fcleaner_merge,1720622,WJR82112.1,genus:Amphimallon,null,42,null,null,0.0,10.0,1.53,0.0,0,82,0,0,0,38.75
BBIOP2193-24_r_1.5_s_100_BBIOP2193-24_fcleaner_merge,BBIOP2193-24,r_1.5_s_100_fcleaner_merge,>BBIOP2193-24_r_1.5_s_100_BBIOP2193-24_fcleaner_merge,166330,AND96329.1,genus:Onitis,null,4096,null,null,0.0,534.0,197.42,186.0,0,509,35,0,0,99.42
BBIOP2251-24_r_1.5_s_50_BBIOP2251-24_fcleaner_merge,BBIOP2251-24,r_1.5_s_50_fcleaner_merge,>BBIOP2251-24_r_1.5_s_50_BBIOP2251-24_fcleaner_merge,1720622,WJR82112.1,genus:Amphimallon,null,22,null,null,0.0,7.0,0.55,0.0,0,98,0,0,0,23.87
BBIOP2192-24_r_1.3_s_50_BBIOP2192-24_fcleaner_merge,BBIOP2192-24,r_1.3_s_50_fcleaner_merge,>BBIOP2192-24_r_1.3_s_50_BBIOP2192-24_fcleaner_merge,166330,AND96329.1,genus:Onitis,null,234,null,null,0.0,35.0,10.2,8.0,0,155,9,0,0,92.23
BBIOP2222-24_r_1_s_50_BBIOP2222-24_fcleaner_merge,BBIOP2222-24,r_1_s_50_fcleaner_merge,>BBIOP2222-24_r_1_s_50_BBIOP2222-24_fcleaner_merge,702309,AND96251.1,family:Scarabaeidae,null,147,null,null,0.0,27.0,5.77,4.0,0,350,9,0,0,81.59
BBIOP2261-24_r_1_s_50_BBIOP2261-24_fcleaner_merge,BBIOP2261-24,r_1_s_50_fcleaner_merge,>BBIOP2261-24_r_1_s_50_BBIOP2261-24_fcleaner_merge,1720622,WJR82112.1,genus:Amphimallon,null,787,null,null,0.0,94.0,28.31,22.0,0,1523,23,0,0,96.87
BBIOP2259-24_r_1_s_100_BBIOP2259-24_fcleaner_merge,BBIOP2259-24,r_1_s_100_fcleaner_merge,>BBIOP2259-24_r_1_s_100_BBIOP2259-24_fcleaner_merge,1720622,WJR82112.1,genus:Amphimallon,null,192,null,null,0.0,79.0,21.24,11.0,0,62,8,0,3,71.43
BBIOP2193-24_r_1.5_s_50_BBIOP2193-24_fcleaner_merge,BBIOP2193-24,r_1.5_s_50_fcleaner_merge,>BBIOP2193-24_r_1.5_s_50_BBIOP2193-24_fcleaner_merge,166330,AND96329.1,genus:Onitis,null,9705,null,null,0.0,726.0,365.35,363.0,0,1855,63,0,0,99.42
BBIOP2275-24_r_1.3_s_50_BBIOP2275-24_fcleaner_merge,BBIOP2275-24,r_1.3_s_50_fcleaner_merge,>BBIOP2275-24_r_1.3_s_50_BBIOP2275-24_fcleaner_merge,1971888,XCN33691.1,subfamily:Melolonthinae,null,1742,null,null,0.0,273.0,57.0,49.0,0,416,19,0,0,99.81
BBIOP2237-24_r_1.5_s_100_BBIOP2237-24_fcleaner_merge,BBIOP2237-24,r_1.5_s_100_fcleaner_merge,>BBIOP2237-24_r_1.5_s_100_BBIOP2237-24_fcleaner_merge,702309,AND96251.1,family:Scarabaeidae,null,161,null,null,0.0,41.0,7.03,6.0,0,16,4,0,0,77.91
BBIOP2248-24_r_1_s_100_BBIOP2248-24_fcleaner_merge,BBIOP2248-24,r_1_s_100_fcleaner_merge,>BBIOP2248-24_r_1_s_100_BBIOP2248-24_fcleaner_merge,1720622,WJR82112.1,genus:Amphimallon,null,38,null,null,0.0,12.0,2.18,0.0,0,119,2,0,0,45.01
BBIOP2213-24_r_1_s_50_BBIOP2213-24_fcleaner_merge,BBIOP2213-24,r_1_s_50_fcleaner_merge,>BBIOP2213-24_r_1_s_50_BBIOP2213-24_fcleaner_merge,2722830,YP_010631648.1,family:Glaphyridae,null,4552,null,null,2.0,395.0,196.9,176.0,0,550,57,0,0,100.0
BBIOP2239-24_r_1_s_50_BBIOP2239-24_fcleaner_merge,BBIOP2239-24,r_1_s_50_fcleaner_merge,>BBIOP2239-24_r_1_s_50_BBIOP2239-24_fcleaner_merge,702309,AND96251.1,family:Scarabaeidae,null,224,null,null,0.0,68.0,14.92,14.0,0,19,14,0,0,76.94
BBIOP2207-24_r_1.3_s_100_BBIOP2207-24_fcleaner_merge,BBIOP2207-24,r_1.3_s_100_fcleaner_merge,>BBIOP2207-24_r_1.3_s_100_BBIOP2207-24_fcleaner_merge,476056,AND96251.1,genus:Onthophagus,null,132,null,null,0.0,25.0,7.25,7.0,0,50,2,0,0,85.66
BBIOP2280-24_r_1_s_50_BBIOP2280-24_fcleaner_merge,BBIOP2280-24,r_1_s_50_fcleaner_merge,>BBIOP2280-24_r_1_s_50_BBIOP2280-24_fcleaner_merge,1971888,XCN33691.1,subfamily:Melolonthinae,null,1890,null,null,0.0,366.0,65.98,56.0,0,252,19,0,0,99.81
BBIOP2196-24_r_1.3_s_50_BBIOP2196-24_fcleaner_merge,BBIOP2196-24,r_1.3_s_50_fcleaner_merge,>BBIOP2196-24_r_1.3_s_50_BBIOP2196-24_fcleaner_merge,166343,AND96617.1,genus:Euoniticellus,null,6550,null,null,0.0,993.0,296.43,234.0,0,2464,53,0,0,99.81
BBIOP2276-24_r_1_s_100_BBIOP2276-24_fcleaner_merge,BBIOP2276-24,r_1_s_100_fcleaner_merge,>BBIOP2276-24_r_1_s_100_BBIOP2276-24_fcleaner_merge,1971888,XCN33691.1,subfamily:Melolonthinae,null,35,null,null,0.0,9.0,2.0,2.0,0,112,1,0,3,59.06
BBIOP2233-24_r_1.3_s_100_BBIOP2233-24_fcleaner_merge,BBIOP2233-24,r_1.3_s_100_fcleaner_merge,>BBIOP2233-24_r_1.3_s_100_BBIOP2233-24_fcleaner_merge,702309,AND96251.1,family:Scarabaeidae,null,36,null,null,0.0,8.0,1.74,1.0,0,0,0,0,0,61.24
BBIOP2222-24_r_1.5_s_50_BBIOP2222-24_fcleaner_merge,BBIOP2222-24,r_1.5_s_50_fcleaner_merge,>BBIOP2222-24_r_1.5_s_50_BBIOP2222-24_fcleaner_merge,702309,AND96251.1,family:Scarabaeidae,null,174,null,null,0.0,37.0,7.11,5.0,0,33,5,0,0,87.6
BBIOP2274-24_r_1.5_s_50_BBIOP2274-24,BBIOP2274-24,r_1.5_s_50,>BBIOP2274-24_r_1.5_s_50_BBIOP2274-24,1971888,XCN33691.1,subfamily:Melolonthinae,,1024,null,1539,2.0,76.0,34.06,33.0,null,null,null,null,null,null
BBIOP2189-24_r_1.3_s_50_BBIOP2189-24,BBIOP2189-24,r_1.3_s_50,>BBIOP2189-24_r_1.3_s_50_BBIOP2189-24,206731,YP_009729770.1,genus:Copris,,6177,null,1530,320.0,652.0,489.43,500.0,null,null,null,null,null,null
BBIOP2279-24_r_1.5_s_100_BBIOP2279-24,BBIOP2279-24,r_1.5_s_100,>BBIOP2279-24_r_1.5_s_100_BBIOP2279-24,1971888,XCN33691.1,subfamily:Melolonthinae,,285,null,1539,0.0,61.0,14.31,10.0,null,null,null,null,null,null
BBIOP2199-24_r_1.3_s_100_BBIOP2199-24,BBIOP2199-24,r_1.3_s_100,>BBIOP2199-24_r_1.3_s_100_BBIOP2199-24,166332,AND96251.1,genus:Onthophagus,,3342,null,1548,0.0,507.0,224.87,173.0,null,null,null,null,null,null
BBIOP2202-24_r_1_s_100_BBIOP2202-24,BBIOP2202-24,r_1_s_100,>BBIOP2202-24_r_1_s_100_BBIOP2202-24,166350,AND96251.1,genus:Onthophagus,,677,null,1548,0.0,160.0,47.88,44.0,null,null,null,null,null,null
BBIOP2216-24_r_1.5_s_50_BBIOP2216-24,BBIOP2216-24,r_1.5_s_50,>BBIOP2216-24_r_1.5_s_50_BBIOP2216-24,702309,AND96251.1,family:Scarabaeidae,,411,null,1548,0.0,65.0,15.06,8.0,null,null,null,null,null,null
BBIOP2206-24_r_1_s_50_BBIOP2206-24,BBIOP2206-24,r_1_s_50,>BBIOP2206-24_r_1_s_50_BBIOP2206-24,166353,AND96251.1,genus:Onthophagus,,1765,null,1548,0.0,317.0,83.33,62.0,null,null,null,null,null,null
BBIOP2193-24_r_1.5_s_50_BBIOP2193-24,BBIOP2193-24,r_1.5_s_50,>BBIOP2193-24_r_1.5_s_50_BBIOP2193-24,166330,AND96329.1,genus:Onitis,,22627,null,1545,0.0,1443.0,818.83,774.0,null,null,null,null,null,null
BBIOP2238-24_r_1.3_s_100_BBIOP2238-24,BBIOP2238-24,r_1.3_s_100,>BBIOP2238-24_r_1.3_s_100_BBIOP2238-24,702309,AND96251.1,family:Scarabaeidae,,253,null,1548,0.0,91.0,15.36,9.0,null,null,null,null,null,null
BBIOP2229-24_r_1_s_50_BBIOP2229-24,BBIOP2229-24,r_1_s_50,>BBIOP2229-24_r_1_s_50_BBIOP2229-24,702309,AND96251.1,family:Scarabaeidae,,574,null,1548,0.0,60.0,21.08,20.0,null,null,null,null,null,null
BBIOP2263-24_r_1.3_s_100_BBIOP2263-24,BBIOP2263-24,r_1.3_s_100,>BBIOP2263-24_r_1.3_s_100_BBIOP2263-24,1720622,WJR82112.1,genus:Amphimallon,,624,null,1533,0.0,180.0,43.65,23.0,null,null,null,null,null,null
BBIOP2275-24_r_1.3_s_100_BBIOP2275-24,BBIOP2275-24,r_1.3_s_100,>BBIOP2275-24_r_1.3_s_100_BBIOP2275-24,1971888,XCN33691.1,subfamily:Melolonthinae,,932,null,1539,0.0,176.0,44.58,33.0,null,null,null,null,null,null
BBIOP2261-24_r_1_s_50_BBIOP2261-24,BBIOP2261-24,r_1_s_50,>BBIOP2261-24_r_1_s_50_BBIOP2261-24,1720622,WJR82112.1,genus:Amphimallon,,4431,null,1533,18.0,498.0,184.89,168.0,null,null,null,null,null,null
BBIOP2255-24_r_1_s_100_BBIOP2255-24,BBIOP2255-24,r_1_s_100,>BBIOP2255-24_r_1_s_100_BBIOP2255-24,1720622,WJR82112.1,genus:Amphimallon,,699,null,1533,2.0,153.0,37.75,30.0,null,null,null,null,null,null
BBIOP2244-24_r_1.5_s_50_BBIOP2244-24,BBIOP2244-24,r_1.5_s_50,>BBIOP2244-24_r_1.5_s_50_BBIOP2244-24,702309,AND96251.1,family:Scarabaeidae,,717,null,1548,0.0,90.0,25.05,22.0,null,null,null,null,null,null
BBIOP2210-24_r_1_s_50_BBIOP2210-24,BBIOP2210-24,r_1_s_50,>BBIOP2210-24_r_1_s_50_BBIOP2210-24,2722828,YP_010631648.1,family:Glaphyridae,,5808,null,1533,23.0,489.0,264.65,263.0,null,null,null,null,null,null
BBIOP2266-24_r_1_s_50_BBIOP2266-24,BBIOP2266-24,r_1_s_50,>BBIOP2266-24_r_1_s_50_BBIOP2266-24,1720622,WJR82112.1,genus:Amphimallon,,4284,null,1533,75.0,409.0,186.32,180.0,null,null,null,null,null,null
BBIOP2244-24_r_1.5_s_100_BBIOP2244-24,BBIOP2244-24,r_1.5_s_100,>BBIOP2244-24_r_1.5_s_100_BBIOP2244-24,702309,AND96251.1,family:Scarabaeidae,,205,null,1548,0.0,40.0,10.09,6.0,null,null,null,null,null,null
BBIOP2219-24_r_1.3_s_50_BBIOP2219-24,BBIOP2219-24,r_1.3_s_50,>BBIOP2219-24_r_1.3_s_50_BBIOP2219-24,702309,AND96251.1,family:Scarabaeidae,,1389,null,1548,0.0,113.0,53.01,50.0,null,null,null,null,null,null
BBIOP2216-24_r_1_s_50_BBIOP2216-24,BBIOP2216-24,r_1_s_50,>BBIOP2216-24_r_1_s_50_BBIOP2216-24,702309,AND96251.1,family:Scarabaeidae,,984,null,1548,0.0,212.0,36.34,21.0,null,null,null,null,null,null
BBIOP2190-24_r_1.3_s_50_BBIOP2190-24,BBIOP2190-24,r_1.3_s_50,>BBIOP2190-24_r_1.3_s_50_BBIOP2190-24,166326,AND96368.1,species:Bubas bison,,202,null,1536,0.0,59.0,10.22,4.0,null,null,null,null,null,null
BBIOP2253-24_r_1.3_s_50_BBIOP2253-24,BBIOP2253-24,r_1.3_s_50,>BBIOP2253-24_r_1.3_s_50_BBIOP2253-24,1720622,WJR82112.1,genus:Amphimallon,,634,null,1533,0.0,72.0,22.67,17.0,null,null,null,null,null,null
BBIOP2241-24_r_1_s_50_BBIOP2241-24,BBIOP2241-24,r_1_s_50,>BBIOP2241-24_r_1_s_50_BBIOP2241-24,702309,AND96251.1,family:Scarabaeidae,,1009,null,1548,0.0,176.0,53.25,48.5,null,null,null,null,null,null
BBIOP2229-24_r_1_s_100_BBIOP2229-24,BBIOP2229-24,r_1_s_100,>BBIOP2229-24_r_1_s_100_BBIOP2229-24,702309,AND96251.1,family:Scarabaeidae,,152,null,1548,0.0,23.0,8.05,8.0,null,null,null,null,null,null
BBIOP2234-24_r_1.3_s_100_BBIOP2234-24,BBIOP2234-24,r_1.3_s_100,>BBIOP2234-24_r_1.3_s_100_BBIOP2234-24,702309,AND96251.1,family:Scarabaeidae,,6,null,1548,0.0,4.0,0.49,0.0,null,null,null,null,null,null
BBIOP2196-24_r_1.3_s_50_BBIOP2196-24,BBIOP2196-24,r_1.3_s_50,>BBIOP2196-24_r_1.3_s_50_BBIOP2196-24,166343,AND96617.1,genus:Euoniticellus,,17407,null,1542,0.0,2128.0,745.8,557.0,null,null,null,null,null,null
BBIOP2250-24_r_1_s_100_BBIOP2250-24,BBIOP2250-24,r_1_s_100,>BBIOP2250-24_r_1_s_100_BBIOP2250-24,1720622,WJR82112.1,genus:Amphimallon,,192,null,1533,0.0,43.0,13.39,13.0,null,null,null,null,null,null
BBIOP2252-24_r_1.3_s_100_BBIOP2252-24,BBIOP2252-24,r_1.3_s_100,>BBIOP2252-24_r_1.3_s_100_BBIOP2252-24,1720622,WJR82112.1,genus:Amphimallon,,1571,null,1533,20.0,300.0,74.87,61.0,null,null,null,null,null,null
BBIOP2260-24_r_1.3_s_100_BBIOP2260-24,BBIOP2260-24,r_1.3_s_100,>BBIOP2260-24_r_1.3_s_100_BBIOP2260-24,1720622,WJR82112.1,genus:Amphimallon,,146,null,1533,0.0,67.0,9.87,4.0,null,null,null,null,null,null
BBIOP2193-24_r_1.3_s_50_BBIOP2193-24,BBIOP2193-24,r_1.3_s_50,>BBIOP2193-24_r_1.3_s_50_BBIOP2193-24,166330,AND96329.1,genus:Onitis,,24646,null,1545,0.0,1477.0,894.12,873.0,null,null,null,null,null,null
BBIOP2276-24_r_1_s_50_BBIOP2276-24,BBIOP2276-24,r_1_s_50,>BBIOP2276-24_r_1_s_50_BBIOP2276-24,1971888,XCN33691.1,subfamily:Melolonthinae,,835,null,1539,0.0,83.0,34.19,31.0,null,null,null,null,null,null
BBIOP2211-24_r_1.5_s_100_BBIOP2211-24,BBIOP2211-24,r_1.5_s_100,>BBIOP2211-24_r_1.5_s_100_BBIOP2211-24,2722828,YP_010631648.1,family:Glaphyridae,,155,null,1533,0.0,36.0,7.33,6.0,null,null,null,null,null,null
BBIOP2210-24_r_1.3_s_100_BBIOP2210-24,BBIOP2210-24,r_1.3_s_100,>BBIOP2210-24_r_1.3_s_100_BBIOP2210-24,2722828,YP_010631648.1,family:Glaphyridae,,2439,null,1533,0.0,300.0,128.44,127.0,null,null,null,null,null,null
BBIOP2227-24_r_1.5_s_100_BBIOP2227-24,BBIOP2227-24,r_1.5_s_100,>BBIOP2227-24_r_1.5_s_100_BBIOP2227-24,702309,AND96251.1,family:Scarabaeidae,,28,null,1548,0.0,16.0,1.14,0.0,null,null,null,null,null,null
BBIOP2218-24_r_1_s_50_BBIOP2218-24,BBIOP2218-24,r_1_s_50,>BBIOP2218-24_r_1_s_50_BBIOP2218-24,702309,AND96251.1,family:Scarabaeidae,,1914,null,1548,0.0,235.0,67.12,56.0,null,null,null,null,null,null
BBIOP2193-24_r_1_s_50_BBIOP2193-24,BBIOP2193-24,r_1_s_50,>BBIOP2193-24_r_1_s_50_BBIOP2193-24,166330,AND96329.1,genus:Onitis,,25230,null,1545,0.0,1511.0,924.37,905.0,null,null,null,null,null,null
BBIOP2263-24_r_1.3_s_50_BBIOP2263-24,BBIOP2263-24,r_1.3_s_50,>BBIOP2263-24_r_1.3_s_50_BBIOP2263-24,1720622,WJR82112.1,genus:Amphimallon,,7309,null,1533,0.0,3781.0,188.71,107.0,null,null,null,null,null,null
BBIOP2228-24_r_1.5_s_50_BBIOP2228-24,BBIOP2228-24,r_1.5_s_50,>BBIOP2228-24_r_1.5_s_50_BBIOP2228-24,702309,AND96251.1,family:Scarabaeidae,,166,null,1548,0.0,50.0,4.88,0.0,null,null,null,null,null,null
BBIOP2224-24_r_1.3_s_100_BBIOP2224-24,BBIOP2224-24,r_1.3_s_100,>BBIOP2224-24_r_1.3_s_100_BBIOP2224-24,702309,AND96251.1,family:Scarabaeidae,,188,null,1548,0.0,53.0,10.21,6.0,null,null,null,null,null,null
BBIOP2266-24_r_1.5_s_100_BBIOP2266-24,BBIOP2266-24,r_1.5_s_100,>BBIOP2266-24_r_1.5_s_100_BBIOP2266-24,1720622,WJR82112.1,genus:Amphimallon,,1959,null,1533,21.0,198.0,106.91,111.0,null,null,null,null,null,null
BBIOP2249-24_r_1_s_100_BBIOP2249-24,BBIOP2249-24,r_1_s_100,>BBIOP2249-24_r_1_s_100_BBIOP2249-24,1720622,WJR82112.1,genus:Amphimallon,,204,null,1533,2.0,43.0,12.52,9.0,null,null,null,null,null,null
BBIOP2276-24_r_1_s_100_BBIOP2276-24,BBIOP2276-24,r_1_s_100,>BBIOP2276-24_r_1_s_100_BBIOP2276-24,1971888,XCN33691.1,subfamily:Melolonthinae,,285,null,1539,0.0,55.0,17.74,16.0,null,null,null,null,null,null
BBIOP2266-24_r_1.3_s_50_BBIOP2266-24,BBIOP2266-24,r_1.3_s_50,>BBIOP2266-24_r_1.3_s_50_BBIOP2266-24,1720622,WJR82112.1,genus:Amphimallon,,4045,null,1533,71.0,380.0,175.7,169.0,null,null,null,null,null,null
BBIOP2200-24_r_1.5_s_50_BBIOP2200-24,BBIOP2200-24,r_1.5_s_50,>BBIOP2200-24_r_1.5_s_50_BBIOP2200-24,166332,AND96251.1,genus:Onthophagus,,1448,null,1548,6.0,244.0,62.26,43.0,null,null,null,null,null,null
BBIOP2243-24_r_1.3_s_100_BBIOP2243-24,BBIOP2243-24,r_1.3_s_100,>BBIOP2243-24_r_1.3_s_100_BBIOP2243-24,702309,AND96251.1,family:Scarabaeidae,,125288,null,1548,0.0,12437.0,6463.05,6461.0,null,null,null,null,null,null
BBIOP2195-24_r_1_s_100_BBIOP2195-24,BBIOP2195-24,r_1_s_100,>BBIOP2195-24_r_1_s_100_BBIOP2195-24,166346,AND96329.1,genus:Onitis,,1927,null,1545,0.0,321.0,106.9,101.0,null,null,null,null,null,null
BBIOP2257-24_r_1.3_s_50_BBIOP2257-24,BBIOP2257-24,r_1.3_s_50,>BBIOP2257-24_r_1.3_s_50_BBIOP2257-24,1720622,WJR82112.1,genus:Amphimallon,,2571,null,1533,1.0,357.0,80.78,66.0,null,null,null,null,null,null
BBIOP2188-24_r_1.3_s_100_BBIOP2188-24,BBIOP2188-24,r_1.3_s_100,>BBIOP2188-24_r_1.3_s_100_BBIOP2188-24,166368,XPK45401.1,genus:Gymnopleurus,,264,null,1542,0.0,72.0,14.99,13.0,null,null,null,null,null,null
BBIOP2199-24_r_1.3_s_50_BBIOP2199-24,BBIOP2199-24,r_1.3_s_50,>BBIOP2199-24_r_1.3_s_50_BBIOP2199-24,166332,AND96251.1,genus:Onthophagus,,3880,null,1548,0.0,526.0,241.51,187.0,null,null,null,null,null,null
BBIOP2233-24_r_1.3_s_100_BBIOP2233-24,BBIOP2233-24,r_1.3_s_100,>BBIOP2233-24_r_1.3_s_100_BBIOP2233-24,702309,AND96251.1,family:Scarabaeidae,,73,null,1548,0.0,16.0,3.58,2.0,null,null,null,null,null,null
BBIOP2194-24_r_1_s_100_BBIOP2194-24,BBIOP2194-24,r_1_s_100,>BBIOP2194-24_r_1_s_100_BBIOP2194-24,166346,AND96329.1,genus:Onitis,,2301,null,1545,0.0,439.0,119.48,105.0,null,null,null,null,null,null
BBIOP2240-24_r_1.5_s_100_BBIOP2240-24,BBIOP2240-24,r_1.5_s_100,>BBIOP2240-24_r_1.5_s_100_BBIOP2240-24,702309,AND96251.1,family:Scarabaeidae,,821,null,1548,0.0,142.0,39.31,33.0,null,null,null,null,null,null
BBIOP2224-24_r_1.3_s_50_BBIOP2224-24,BBIOP2224-24,r_1.3_s_50,>BBIOP2224-24_r_1.3_s_50_BBIOP2224-24,702309,AND96251.1,family:Scarabaeidae,,1290,null,1548,0.0,161.0,41.47,31.0,null,null,null,null,null,null
BBIOP2251-24_r_1.5_s_100_BBIOP2251-24,BBIOP2251-24,r_1.5_s_100,>BBIOP2251-24_r_1.5_s_100_BBIOP2251-24,1720622,WJR82112.1,genus:Amphimallon,,28,null,1533,0.0,12.0,2.28,0.0,null,null,null,null,null,null
BBIOP2238-24_r_1.5_s_50_BBIOP2238-24,BBIOP2238-24,r_1.5_s_50,>BBIOP2238-24_r_1.5_s_50_BBIOP2238-24,702309,AND96251.1,family:Scarabaeidae,,535,null,1548,0.0,86.0,18.14,15.0,null,null,null,null,null,null
BBIOP2259-24_r_1_s_100_BBIOP2259-24,BBIOP2259-24,r_1_s_100,>BBIOP2259-24_r_1_s_100_BBIOP2259-24,1720622,WJR82112.1,genus:Amphimallon,,497,null,1533,0.0,134.0,41.08,27.0,null,null,null,null,null,null
BBIOP2272-24_r_1.3_s_50_BBIOP2272-24,BBIOP2272-24,r_1.3_s_50,>BBIOP2272-24_r_1.3_s_50_BBIOP2272-24,1971888,XCN33691.1,subfamily:Melolonthinae,,306,null,1539,0.0,95.0,12.97,4.0,null,null,null,null,null,null
BBIOP2247-24_r_1_s_100_BBIOP2247-24,BBIOP2247-24,r_1_s_100,>BBIOP2247-24_r_1_s_100_BBIOP2247-24,1720622,WJR82112.1,genus:Amphimallon,,10218,null,1533,260.0,1113.0,632.13,617.0,null,null,null,null,null,null
BBIOP2239-24_r_1.5_s_100_BBIOP2239-24,BBIOP2239-24,r_1.5_s_100,>BBIOP2239-24_r_1.5_s_100_BBIOP2239-24,702309,AND96251.1,family:Scarabaeidae,,27,null,1548,0.0,20.0,1.43,0.0,null,null,null,null,null,null
BBIOP2207-24_r_1.3_s_100_BBIOP2207-24,BBIOP2207-24,r_1.3_s_100,>BBIOP2207-24_r_1.3_s_100_BBIOP2207-24,476056,AND96251.1,genus:Onthophagus,,335,null,1548,0.0,44.0,18.4,18.0,null,null,null,null,null,null
BBIOP2197-24_r_1.5_s_100_BBIOP2197-24,BBIOP2197-24,r_1.5_s_100,>BBIOP2197-24_r_1.5_s_100_BBIOP2197-24,166365,AND96251.1,tribe:Onthophagini,,4170,null,1548,2.0,491.0,244.57,236.0,null,null,null,null,null,null
BBIOP2239-24_r_1.3_s_100_BBIOP2239-24,BBIOP2239-24,r_1.3_s_100,>BBIOP2239-24_r_1.3_s_100_BBIOP2239-24,702309,AND96251.1,family:Scarabaeidae,,69,null,1548,0.0,51.0,4.97,1.0,null,null,null,null,null,null
BBIOP2278-24_r_1.5_s_100_BBIOP2278-24,BBIOP2278-24,r_1.5_s_100,>BBIOP2278-24_r_1.5_s_100_BBIOP2278-24,1971888,XCN33691.1,subfamily:Melolonthinae,,958,null,1539,8.0,125.0,48.55,45.0,null,null,null,null,null,null
BBIOP2239-24_r_1.3_s_50_BBIOP2239-24,BBIOP2239-24,r_1.3_s_50,>BBIOP2239-24_r_1.3_s_50_BBIOP2239-24,702309,AND96251.1,family:Scarabaeidae,,151,null,1548,0.0,53.0,7.16,1.0,null,null,null,null,null,null
BBIOP2186-24_r_1.5_s_50_BBIOP2186-24,BBIOP2186-24,r_1.5_s_50,>BBIOP2186-24_r_1.5_s_50_BBIOP2186-24,1172027,AND96251.1,subfamily:Scarabaeinae,,3700,null,1548,0.0,459.0,124.51,112.0,null,null,null,null,null,null
BBIOP2258-24_r_1.5_s_100_BBIOP2258-24,BBIOP2258-24,r_1.5_s_100,>BBIOP2258-24_r_1.5_s_100_BBIOP2258-24,1720622,WJR82112.1,genus:Amphimallon,,819,null,1533,0.0,112.0,51.81,47.0,null,null,null,null,null,null
BBIOP2188-24_r_1.5_s_50_BBIOP2188-24,BBIOP2188-24,r_1.5_s_50,>BBIOP2188-24_r_1.5_s_50_BBIOP2188-24,166368,XPK45401.1,genus:Gymnopleurus,,617,null,1542,0.0,76.0,21.83,19.0,null,null,null,null,null,null
BBIOP2250-24_r_1.5_s_50_BBIOP2250-24,BBIOP2250-24,r_1.5_s_50,>BBIOP2250-24_r_1.5_s_50_BBIOP2250-24,1720622,WJR82112.1,genus:Amphimallon,,287,null,1533,0.0,38.0,10.13,8.0,null,null,null,null,null,null
BBIOP2243-24_r_1_s_50_BBIOP2243-24,BBIOP2243-24,r_1_s_50,>BBIOP2243-24_r_1_s_50_BBIOP2243-24,702309,AND96251.1,family:Scarabaeidae,,257831,null,1548,0.0,20962.0,10759.79,10451.0,null,null,null,null,null,null
BBIOP2212-24_r_1.3_s_50_BBIOP2212-24,BBIOP2212-24,r_1.3_s_50,>BBIOP2212-24_r_1.3_s_50_BBIOP2212-24,2722830,YP_010631648.1,family:Glaphyridae,,1299,null,1533,0.0,175.0,48.57,44.0,null,null,null,null,null,null
BBIOP2199-24_r_1.5_s_100_BBIOP2199-24,BBIOP2199-24,r_1.5_s_100,>BBIOP2199-24_r_1.5_s_100_BBIOP2199-24,166332,AND96251.1,genus:Onthophagus,,3218,null,1548,0.0,490.0,216.85,173.0,null,null,null,null,null,null
BBIOP2242-24_r_1.3_s_50_BBIOP2242-24,BBIOP2242-24,r_1.3_s_50,>BBIOP2242-24_r_1.3_s_50_BBIOP2242-24,702309,AND96251.1,family:Scarabaeidae,,11328,null,1548,0.0,862.0,421.99,408.0,null,null,null,null,null,null
BBIOP2205-24_r_1.5_s_100_BBIOP2205-24,BBIOP2205-24,r_1.5_s_100,>BBIOP2205-24_r_1.5_s_100_BBIOP2205-24,166353,AND96251.1,genus:Onthophagus,,0,null,1548,0.0,0.0,0.0,0.0,null,null,null,null,null,null
BBIOP2246-24_r_1_s_100_BBIOP2246-24,BBIOP2246-24,r_1_s_100,>BBIOP2246-24_r_1_s_100_BBIOP2246-24,1720622,WJR82112.1,genus:Amphimallon,,849,null,1533,14.0,120.0,46.37,42.0,null,null,null,null,null,null
BBIOP2269-24_r_1.3_s_50_BBIOP2269-24,BBIOP2269-24,r_1.3_s_50,>BBIOP2269-24_r_1.3_s_50_BBIOP2269-24,1720622,WJR82112.1,genus:Amphimallon,,5502,null,1533,28.0,696.0,181.32,156.0,null,null,null,null,null,null
BBIOP2242-24_r_1.3_s_100_BBIOP2242-24,BBIOP2242-24,r_1.3_s_100,>BBIOP2242-24_r_1.3_s_100_BBIOP2242-24,702309,AND96251.1,family:Scarabaeidae,,4044,null,1548,0.0,465.0,198.39,199.0,null,null,null,null,null,null
BBIOP2251-24_r_1_s_100_BBIOP2251-24,BBIOP2251-24,r_1_s_100,>BBIOP2251-24_r_1_s_100_BBIOP2251-24,1720622,WJR82112.1,genus:Amphimallon,,472,null,1533,0.0,125.0,40.87,37.0,null,null,null,null,null,null
BBIOP2239-24_r_1_s_50_BBIOP2239-24,BBIOP2239-24,r_1_s_50,>BBIOP2239-24_r_1_s_50_BBIOP2239-24,702309,AND96251.1,family:Scarabaeidae,,525,null,1548,0.0,123.0,32.93,30.5,null,null,null,null,null,null
BBIOP2222-24_r_1.5_s_50_BBIOP2222-24,BBIOP2222-24,r_1.5_s_50,>BBIOP2222-24_r_1.5_s_50_BBIOP2222-24,702309,AND96251.1,family:Scarabaeidae,,426,null,1548,0.0,78.0,17.02,12.0,null,null,null,null,null,null
BBIOP2273-24_r_1.3_s_50_BBIOP2273-24,BBIOP2273-24,r_1.3_s_50,>BBIOP2273-24_r_1.3_s_50_BBIOP2273-24,1971888,XCN33691.1,subfamily:Melolonthinae,,448,null,1539,0.0,86.0,18.0,9.0,null,null,null,null,null,null
BBIOP2196-24_r_1.5_s_50_BBIOP2196-24,BBIOP2196-24,r_1.5_s_50,>BBIOP2196-24_r_1.5_s_50_BBIOP2196-24,166343,AND96617.1,genus:Euoniticellus,,16739,null,1542,0.0,2098.0,718.36,546.5,null,null,null,null,null,null
BBIOP2225-24_r_1.5_s_100_BBIOP2225-24,BBIOP2225-24,r_1.5_s_100,>BBIOP2225-24_r_1.5_s_100_BBIOP2225-24,702309,AND96251.1,family:Scarabaeidae,,1646,null,1548,0.0,159.0,89.46,99.5,null,null,null,null,null,null
BBIOP2187-24_r_1.3_s_50_BBIOP2187-24,BBIOP2187-24,r_1.3_s_50,>BBIOP2187-24_r_1.3_s_50_BBIOP2187-24,166368,XPK45401.1,genus:Gymnopleurus,,18058,null,1542,7.0,2676.0,841.01,559.5,null,null,null,null,null,null
BBIOP2252-24_r_1.3_s_50_BBIOP2252-24,BBIOP2252-24,r_1.3_s_50,>BBIOP2252-24_r_1.3_s_50_BBIOP2252-24,1720622,WJR82112.1,genus:Amphimallon,,4998,null,1533,50.0,484.0,177.26,162.0,null,null,null,null,null,null
BBIOP2192-24_r_1.3_s_50_BBIOP2192-24,BBIOP2192-24,r_1.3_s_50,>BBIOP2192-24_r_1.3_s_50_BBIOP2192-24,166330,AND96329.1,genus:Onitis,,835,null,1545,0.0,128.0,34.29,29.0,null,null,null,null,null,null
BBIOP2259-24_r_1.3_s_100_BBIOP2259-24,BBIOP2259-24,r_1.3_s_100,>BBIOP2259-24_r_1.3_s_100_BBIOP2259-24,1720622,WJR82112.1,genus:Amphimallon,,148,null,1533,0.0,65.0,10.82,4.0,null,null,null,null,null,null
BBIOP2250-24_r_1.3_s_50_BBIOP2250-24,BBIOP2250-24,r_1.3_s_50,>BBIOP2250-24_r_1.3_s_50_BBIOP2250-24,1720622,WJR82112.1,genus:Amphimallon,,441,null,1533,0.0,61.0,16.14,13.0,null,null,null,null,null,null
BBIOP2249-24_r_1.5_s_50_BBIOP2249-24,BBIOP2249-24,r_1.5_s_50,>BBIOP2249-24_r_1.5_s_50_BBIOP2249-24,1720622,WJR82112.1,genus:Amphimallon,,461,null,1533,0.0,42.0,15.87,14.0,null,null,null,null,null,null
BBIOP2254-24_r_1_s_50_BBIOP2254-24,BBIOP2254-24,r_1_s_50,>BBIOP2254-24_r_1_s_50_BBIOP2254-24,1720622,WJR82112.1,genus:Amphimallon,,1114,null,1533,3.0,190.0,41.59,35.0,null,null,null,null,null,null
BBIOP2198-24_r_1.5_s_100_BBIOP2198-24,BBIOP2198-24,r_1.5_s_100,>BBIOP2198-24_r_1.5_s_100_BBIOP2198-24,166365,AND96251.1,tribe:Onthophagini,,23775,null,1548,0.0,2324.0,1476.51,1475.0,null,null,null,null,null,null
BBIOP2217-24_r_1_s_50_BBIOP2217-24,BBIOP2217-24,r_1_s_50,>BBIOP2217-24_r_1_s_50_BBIOP2217-24,702309,AND96251.1,family:Scarabaeidae,,1404,null,1548,0.0,163.0,54.27,52.0,null,null,null,null,null,null
BBIOP2203-24_r_1.3_s_100_BBIOP2203-24,BBIOP2203-24,r_1.3_s_100,>BBIOP2203-24_r_1.3_s_100_BBIOP2203-24,1541080,AND96251.1,genus:Onthophagus,,115,null,1548,0.0,61.0,5.65,2.0,null,null,null,null,null,null
BBIOP2275-24_r_1_s_50_BBIOP2275-24,BBIOP2275-24,r_1_s_50,>BBIOP2275-24_r_1_s_50_BBIOP2275-24,1971888,XCN33691.1,subfamily:Melolonthinae,,4922,null,1539,0.0,590.0,181.49,161.0,null,null,null,null,null,null
BBIOP2275-24_r_1.5_s_50_BBIOP2275-24,BBIOP2275-24,r_1.5_s_50,>BBIOP2275-24_r_1.5_s_50_BBIOP2275-24,1971888,XCN33691.1,subfamily:Melolonthinae,,3509,null,1539,0.0,536.0,115.59,98.0,null,null,null,null,null,null
BBIOP2229-24_r_1.5_s_50_BBIOP2229-24,BBIOP2229-24,r_1.5_s_50,>BBIOP2229-24_r_1.5_s_50_BBIOP2229-24,702309,AND96251.1,family:Scarabaeidae,,409,null,1548,0.0,49.0,13.73,12.0,null,null,null,null,null,null
BBIOP2265-24_r_1.3_s_50_BBIOP2265-24,BBIOP2265-24,r_1.3_s_50,>BBIOP2265-24_r_1.3_s_50_BBIOP2265-24,1720622,WJR82112.1,genus:Amphimallon,,3761,null,1533,30.0,283.0,132.15,131.0,null,null,null,null,null,null
BBIOP2190-24_r_1_s_50_BBIOP2190-24,BBIOP2190-24,r_1_s_50,>BBIOP2190-24_r_1_s_50_BBIOP2190-24,166326,AND96368.1,species:Bubas bison,,786,null,1536,0.0,165.0,45.82,45.0,null,null,null,null,null,null
BBIOP2267-24_r_1_s_50_BBIOP2267-24,BBIOP2267-24,r_1_s_50,>BBIOP2267-24_r_1_s_50_BBIOP2267-24,1720622,WJR82112.1,genus:Amphimallon,,8138,null,1533,74.0,978.0,303.29,259.0,null,null,null,null,null,null
BBIOP2236-24_r_1_s_50_BBIOP2236-24,BBIOP2236-24,r_1_s_50,>BBIOP2236-24_r_1_s_50_BBIOP2236-24,702309,AND96251.1,family:Scarabaeidae,,1662,null,1548,0.0,180.0,63.46,59.0,null,null,null,null,null,null
BBIOP2227-24_r_1.3_s_50_BBIOP2227-24,BBIOP2227-24,r_1.3_s_50,>BBIOP2227-24_r_1.3_s_50_BBIOP2227-24,702309,AND96251.1,family:Scarabaeidae,,399,null,1548,0.0,98.0,14.83,10.0,null,null,null,null,null,null
BBIOP2222-24_r_1.3_s_100_BBIOP2222-24,BBIOP2222-24,r_1.3_s_100,>BBIOP2222-24_r_1.3_s_100_BBIOP2222-24,702309,AND96251.1,family:Scarabaeidae,,218,null,1548,0.0,64.0,13.31,8.0,null,null,null,null,null,null
BBIOP2277-24_r_1_s_50_BBIOP2277-24,BBIOP2277-24,r_1_s_50,>BBIOP2277-24_r_1_s_50_BBIOP2277-24,1971888,XCN33691.1,subfamily:Melolonthinae,,376,null,1539,0.0,71.0,19.67,15.0,null,null,null,null,null,null
BBIOP2263-24_r_1.5_s_50_BBIOP2263-24,BBIOP2263-24,r_1.5_s_50,>BBIOP2263-24_r_1.5_s_50_BBIOP2263-24,1720622,WJR82112.1,genus:Amphimallon,,6801,null,1533,0.0,3713.0,166.94,86.0,null,null,null,null,null,null
BBIOP2214-24_r_1.3_s_50_BBIOP2214-24,BBIOP2214-24,r_1.3_s_50,>BBIOP2214-24_r_1.3_s_50_BBIOP2214-24,702309,AND96251.1,family:Scarabaeidae,,1162,null,1548,0.0,146.0,38.06,32.0,null,null,null,null,null,null
BBIOP2215-24_r_1.3_s_100_BBIOP2215-24,BBIOP2215-24,r_1.3_s_100,>BBIOP2215-24_r_1.3_s_100_BBIOP2215-24,702309,AND96251.1,family:Scarabaeidae,,1114,null,1548,0.0,238.0,53.26,45.0,null,null,null,null,null,null
BBIOP2191-24_r_1.3_s_50_BBIOP2191-24,BBIOP2191-24,r_1.3_s_50,>BBIOP2191-24_r_1.3_s_50_BBIOP2191-24,166340,AND96355.1,species:Bubas bubalus,,5831,null,1536,126.0,666.0,329.37,296.5,null,null,null,null,null,null
BBIOP2278-24_r_1.3_s_50_BBIOP2278-24,BBIOP2278-24,r_1.3_s_50,>BBIOP2278-24_r_1.3_s_50_BBIOP2278-24,1971888,XCN33691.1,subfamily:Melolonthinae,,2647,null,1539,38.0,224.0,102.4,92.0,null,null,null,null,null,null
BBIOP2252-24_r_1_s_100_BBIOP2252-24,BBIOP2252-24,r_1_s_100,>BBIOP2252-24_r_1_s_100_BBIOP2252-24,1720622,WJR82112.1,genus:Amphimallon,,1612,null,1533,20.0,306.0,78.31,66.0,null,null,null,null,null,null
BBIOP2257-24_r_1_s_100_BBIOP2257-24,BBIOP2257-24,r_1_s_100,>BBIOP2257-24_r_1_s_100_BBIOP2257-24,1720622,WJR82112.1,genus:Amphimallon,,515,null,1533,0.0,83.0,31.92,26.0,null,null,null,null,null,null
BBIOP2219-24_r_1_s_50_BBIOP2219-24,BBIOP2219-24,r_1_s_50,>BBIOP2219-24_r_1_s_50_BBIOP2219-24,702309,AND96251.1,family:Scarabaeidae,,1698,null,1548,0.0,129.0,67.59,65.5,null,null,null,null,null,null
BBIOP2230-24_r_1.3_s_50_BBIOP2230-24,BBIOP2230-24,r_1.3_s_50,>BBIOP2230-24_r_1.3_s_50_BBIOP2230-24,702309,AND96251.1,family:Scarabaeidae,,463,null,1548,0.0,49.0,15.96,16.0,null,null,null,null,null,null
BBIOP2253-24_r_1_s_50_BBIOP2253-24,BBIOP2253-24,r_1_s_50,>BBIOP2253-24_r_1_s_50_BBIOP2253-24,1720622,WJR82112.1,genus:Amphimallon,,1026,null,1533,0.0,149.0,46.75,39.0,null,null,null,null,null,null
BBIOP2209-24_r_1.3_s_100_BBIOP2209-24,BBIOP2209-24,r_1.3_s_100,>BBIOP2209-24_r_1.3_s_100_BBIOP2209-24,2722829,YP_010631648.1,family:Glaphyridae,,241,null,1533,0.0,87.0,13.55,7.0,null,null,null,null,null,null
BBIOP2230-24_r_1.5_s_100_BBIOP2230-24,BBIOP2230-24,r_1.5_s_100,>BBIOP2230-24_r_1.5_s_100_BBIOP2230-24,702309,AND96251.1,family:Scarabaeidae,,118,null,1548,0.0,18.0,5.58,6.0,null,null,null,null,null,null
BBIOP2197-24_r_1_s_50_BBIOP2197-24,BBIOP2197-24,r_1_s_50,>BBIOP2197-24_r_1_s_50_BBIOP2197-24,166365,AND96251.1,tribe:Onthophagini,,6276,null,1548,4.0,593.0,321.5,317.0,null,null,null,null,null,null
BBIOP2276-24_r_1.3_s_50_BBIOP2276-24,BBIOP2276-24,r_1.3_s_50,>BBIOP2276-24_r_1.3_s_50_BBIOP2276-24,1971888,XCN33691.1,subfamily:Melolonthinae,,660,null,1539,0.0,72.0,24.2,22.0,null,null,null,null,null,null
BBIOP2274-24_r_1_s_50_BBIOP2274-24,BBIOP2274-24,r_1_s_50,>BBIOP2274-24_r_1_s_50_BBIOP2274-24,1971888,XCN33691.1,subfamily:Melolonthinae,,1569,null,1539,4.0,140.0,63.78,61.0,null,null,null,null,null,null
BBIOP2216-24_r_1.3_s_100_BBIOP2216-24,BBIOP2216-24,r_1.3_s_100,>BBIOP2216-24_r_1.3_s_100_BBIOP2216-24,702309,AND96251.1,family:Scarabaeidae,,200,null,1548,0.0,64.0,10.02,5.0,null,null,null,null,null,null
BBIOP2186-24_r_1_s_50_BBIOP2186-24,BBIOP2186-24,r_1_s_50,>BBIOP2186-24_r_1_s_50_BBIOP2186-24,1172027,AND96251.1,subfamily:Scarabaeinae,,4933,null,1548,0.0,501.0,185.38,183.0,null,null,null,null,null,null
BBIOP2200-24_r_1.5_s_100_BBIOP2200-24,BBIOP2200-24,r_1.5_s_100,>BBIOP2200-24_r_1.5_s_100_BBIOP2200-24,166332,AND96251.1,genus:Onthophagus,,835,null,1548,2.0,168.0,42.98,34.0,null,null,null,null,null,null
BBIOP2223-24_r_1_s_100_BBIOP2223-24,BBIOP2223-24,r_1_s_100,>BBIOP2223-24_r_1_s_100_BBIOP2223-24,702309,AND96251.1,family:Scarabaeidae,,389,null,1548,0.0,80.0,22.87,20.0,null,null,null,null,null,null
BBIOP2256-24_r_1_s_50_BBIOP2256-24,BBIOP2256-24,r_1_s_50,>BBIOP2256-24_r_1_s_50_BBIOP2256-24,1720622,WJR82112.1,genus:Amphimallon,,654,null,1533,0.0,113.0,34.9,29.0,null,null,null,null,null,null
BBIOP2268-24_r_1.3_s_100_BBIOP2268-24,BBIOP2268-24,r_1.3_s_100,>BBIOP2268-24_r_1.3_s_100_BBIOP2268-24,1720622,WJR82112.1,genus:Amphimallon,,144737,null,1533,2194.0,12024.0,7128.82,6803.0,null,null,null,null,null,null
BBIOP2261-24_r_1.5_s_100_BBIOP2261-24,BBIOP2261-24,r_1.5_s_100,>BBIOP2261-24_r_1.5_s_100_BBIOP2261-24,1720622,WJR82112.1,genus:Amphimallon,,814,null,1533,0.0,137.0,38.44,29.0,null,null,null,null,null,null
BBIOP2264-24_r_1_s_50_BBIOP2264-24,BBIOP2264-24,r_1_s_50,>BBIOP2264-24_r_1_s_50_BBIOP2264-24,1720622,WJR82112.1,genus:Amphimallon,,5303,null,1533,52.0,598.0,176.18,160.0,null,null,null,null,null,null
BBIOP2264-24_r_1_s_100_BBIOP2264-24,BBIOP2264-24,r_1_s_100,>BBIOP2264-24_r_1_s_100_BBIOP2264-24,1720622,WJR82112.1,genus:Amphimallon,,1179,null,1533,0.0,156.0,54.03,48.0,null,null,null,null,null,null
BBIOP2234-24_r_1.3_s_50_BBIOP2234-24,BBIOP2234-24,r_1.3_s_50,>BBIOP2234-24_r_1.3_s_50_BBIOP2234-24,702309,AND96251.1,family:Scarabaeidae,,35,null,1548,0.0,12.0,1.39,0.0,null,null,null,null,null,null
BBIOP2236-24_r_1.5_s_100_BBIOP2236-24,BBIOP2236-24,r_1.5_s_100,>BBIOP2236-24_r_1.5_s_100_BBIOP2236-24,702309,AND96251.1,family:Scarabaeidae,,273,null,1548,0.0,43.0,13.13,12.0,null,null,null,null,null,null
BBIOP2222-24_r_1.3_s_50_BBIOP2222-24,BBIOP2222-24,r_1.3_s_50,>BBIOP2222-24_r_1.3_s_50_BBIOP2222-24,702309,AND96251.1,family:Scarabaeidae,,628,null,1548,0.0,94.0,25.72,20.0,null,null,null,null,null,null
BBIOP2258-24_r_1.3_s_100_BBIOP2258-24,BBIOP2258-24,r_1.3_s_100,>BBIOP2258-24_r_1.3_s_100_BBIOP2258-24,1720622,WJR82112.1,genus:Amphimallon,,1256,null,1533,4.0,151.0,87.47,97.0,null,null,null,null,null,null
BBIOP2215-24_r_1.3_s_50_BBIOP2215-24,BBIOP2215-24,r_1.3_s_50,>BBIOP2215-24_r_1.3_s_50_BBIOP2215-24,702309,AND96251.1,family:Scarabaeidae,,3153,null,1548,0.0,472.0,115.6,106.0,null,null,null,null,null,null
BBIOP2216-24_r_1_s_100_BBIOP2216-24,BBIOP2216-24,r_1_s_100,>BBIOP2216-24_r_1_s_100_BBIOP2216-24,702309,AND96251.1,family:Scarabaeidae,,243,null,1548,0.0,65.0,13.29,8.0,null,null,null,null,null,null
BBIOP2219-24_r_1.5_s_50_BBIOP2219-24,BBIOP2219-24,r_1.5_s_50,>BBIOP2219-24_r_1.5_s_50_BBIOP2219-24,702309,AND96251.1,family:Scarabaeidae,,1110,null,1548,0.0,96.0,41.98,40.0,null,null,null,null,null,null
BBIOP2194-24_r_1.5_s_50_BBIOP2194-24,BBIOP2194-24,r_1.5_s_50,>BBIOP2194-24_r_1.5_s_50_BBIOP2194-24,166346,AND96329.1,genus:Onitis,,3961,null,1545,0.0,607.0,165.79,151.0,null,null,null,null,null,null
BBIOP2226-24_r_1_s_50_BBIOP2226-24,BBIOP2226-24,r_1_s_50,>BBIOP2226-24_r_1_s_50_BBIOP2226-24,702309,AND96251.1,family:Scarabaeidae,,944,null,1548,0.0,242.0,59.46,52.0,null,null,null,null,null,null
BBIOP2256-24_r_1_s_100_BBIOP2256-24,BBIOP2256-24,r_1_s_100,>BBIOP2256-24_r_1_s_100_BBIOP2256-24,1720622,WJR82112.1,genus:Amphimallon,,270,null,1533,0.0,74.0,21.79,11.0,null,null,null,null,null,null
BBIOP2222-24_r_1_s_50_BBIOP2222-24,BBIOP2222-24,r_1_s_50,>BBIOP2222-24_r_1_s_50_BBIOP2222-24,702309,AND96251.1,family:Scarabaeidae,,1121,null,1548,0.0,166.0,53.83,49.0,null,null,null,null,null,null
BBIOP2277-24_r_1.3_s_100_BBIOP2277-24,BBIOP2277-24,r_1.3_s_100,>BBIOP2277-24_r_1.3_s_100_BBIOP2277-24,1971888,XCN33691.1,subfamily:Melolonthinae,,90,null,1539,0.0,48.0,5.72,3.0,null,null,null,null,null,null
BBIOP2225-24_r_1_s_100_BBIOP2225-24,BBIOP2225-24,r_1_s_100,>BBIOP2225-24_r_1_s_100_BBIOP2225-24,702309,AND96251.1,family:Scarabaeidae,,2030,null,1548,0.0,189.0,115.43,119.0,null,null,null,null,null,null
BBIOP2212-24_r_1.3_s_100_BBIOP2212-24,BBIOP2212-24,r_1.3_s_100,>BBIOP2212-24_r_1.3_s_100_BBIOP2212-24,2722830,YP_010631648.1,family:Glaphyridae,,379,null,1533,0.0,101.0,19.98,16.0,null,null,null,null,null,null
BBIOP2226-24_r_1.3_s_100_BBIOP2226-24,BBIOP2226-24,r_1.3_s_100,>BBIOP2226-24_r_1.3_s_100_BBIOP2226-24,702309,AND96251.1,family:Scarabaeidae,,121,null,1548,0.0,87.0,9.97,0.0,null,null,null,null,null,null
BBIOP2198-24_r_1.3_s_100_BBIOP2198-24,BBIOP2198-24,r_1.3_s_100,>BBIOP2198-24_r_1.3_s_100_BBIOP2198-24,166365,AND96251.1,tribe:Onthophagini,,24781,null,1548,0.0,2333.0,1539.37,1507.0,null,null,null,null,null,null
BBIOP2202-24_r_1.5_s_50_BBIOP2202-24,BBIOP2202-24,r_1.5_s_50,>BBIOP2202-24_r_1.5_s_50_BBIOP2202-24,166350,AND96251.1,genus:Onthophagus,,524,null,1548,0.0,119.0,23.61,20.0,null,null,null,null,null,null
BBIOP2211-24_r_1_s_50_BBIOP2211-24,BBIOP2211-24,r_1_s_50,>BBIOP2211-24_r_1_s_50_BBIOP2211-24,2722828,YP_010631648.1,family:Glaphyridae,,1194,null,1533,2.0,173.0,62.63,60.0,null,null,null,null,null,null
BBIOP2219-24_r_1_s_100_BBIOP2219-24,BBIOP2219-24,r_1_s_100,>BBIOP2219-24_r_1_s_100_BBIOP2219-24,702309,AND96251.1,family:Scarabaeidae,,614,null,1548,0.0,88.0,33.87,27.5,null,null,null,null,null,null
BBIOP2245-24_r_1.3_s_50_BBIOP2245-24,BBIOP2245-24,r_1.3_s_50,>BBIOP2245-24_r_1.3_s_50_BBIOP2245-24,1720622,WJR82112.1,genus:Amphimallon,,2169,null,1533,35.0,220.0,97.58,90.0,null,null,null,null,null,null
BBIOP2199-24_r_1_s_100_BBIOP2199-24,BBIOP2199-24,r_1_s_100,>BBIOP2199-24_r_1_s_100_BBIOP2199-24,166332,AND96251.1,genus:Onthophagus,,3347,null,1548,0.0,507.0,225.29,173.0,null,null,null,null,null,null
BBIOP2260-24_r_1_s_100_BBIOP2260-24,BBIOP2260-24,r_1_s_100,>BBIOP2260-24_r_1_s_100_BBIOP2260-24,1720622,WJR82112.1,genus:Amphimallon,,458,null,1533,0.0,106.0,37.27,33.0,null,null,null,null,null,null
BBIOP2225-24_r_1.3_s_100_BBIOP2225-24,BBIOP2225-24,r_1.3_s_100,>BBIOP2225-24_r_1.3_s_100_BBIOP2225-24,702309,AND96251.1,family:Scarabaeidae,,1866,null,1548,0.0,169.0,102.49,107.0,null,null,null,null,null,null
BBIOP2212-24_r_1.5_s_100_BBIOP2212-24,BBIOP2212-24,r_1.5_s_100,>BBIOP2212-24_r_1.5_s_100_BBIOP2212-24,2722830,YP_010631648.1,family:Glaphyridae,,337,null,1533,0.0,97.0,17.19,12.0,null,null,null,null,null,null
BBIOP2202-24_r_1.3_s_100_BBIOP2202-24,BBIOP2202-24,r_1.3_s_100,>BBIOP2202-24_r_1.3_s_100_BBIOP2202-24,166350,AND96251.1,genus:Onthophagus,,391,null,1548,0.0,115.0,24.49,20.0,null,null,null,null,null,null
BBIOP2198-24_r_1_s_50_BBIOP2198-24,BBIOP2198-24,r_1_s_50,>BBIOP2198-24_r_1_s_50_BBIOP2198-24,166365,AND96251.1,tribe:Onthophagini,,30137,null,1548,6.0,2522.0,1728.69,1689.0,null,null,null,null,null,null
BBIOP2274-24_r_1.3_s_100_BBIOP2274-24,BBIOP2274-24,r_1.3_s_100,>BBIOP2274-24_r_1.3_s_100_BBIOP2274-24,1971888,XCN33691.1,subfamily:Melolonthinae,,330,null,1539,0.0,52.0,16.78,14.0,null,null,null,null,null,null
BBIOP2217-24_r_1.3_s_50_BBIOP2217-24,BBIOP2217-24,r_1.3_s_50,>BBIOP2217-24_r_1.3_s_50_BBIOP2217-24,702309,AND96251.1,family:Scarabaeidae,,1131,null,1548,0.0,104.0,42.35,40.0,null,null,null,null,null,null
BBIOP2239-24_r_1_s_100_BBIOP2239-24,BBIOP2239-24,r_1_s_100,>BBIOP2239-24_r_1_s_100_BBIOP2239-24,702309,AND96251.1,family:Scarabaeidae,,311,null,1548,0.0,84.0,25.5,20.5,null,null,null,null,null,null
BBIOP2259-24_r_1.5_s_50_BBIOP2259-24,BBIOP2259-24,r_1.5_s_50,>BBIOP2259-24_r_1.5_s_50_BBIOP2259-24,1720622,WJR82112.1,genus:Amphimallon,,339,null,1533,0.0,46.0,12.05,9.0,null,null,null,null,null,null
BBIOP2273-24_r_1.5_s_100_BBIOP2273-24,BBIOP2273-24,r_1.5_s_100,>BBIOP2273-24_r_1.5_s_100_BBIOP2273-24,1971888,XCN33691.1,subfamily:Melolonthinae,,40,null,1539,0.0,21.0,1.78,0.0,null,null,null,null,null,null
BBIOP2233-24_r_1_s_50_BBIOP2233-24,BBIOP2233-24,r_1_s_50,>BBIOP2233-24_r_1_s_50_BBIOP2233-24,702309,AND96251.1,family:Scarabaeidae,,549,null,1548,0.0,44.0,18.35,16.0,null,null,null,null,null,null
BBIOP2198-24_r_1_s_100_BBIOP2198-24,BBIOP2198-24,r_1_s_100,>BBIOP2198-24_r_1_s_100_BBIOP2198-24,166365,AND96251.1,tribe:Onthophagini,,25086,null,1548,0.0,2336.0,1566.14,1526.0,null,null,null,null,null,null
BBIOP2270-24_r_1.5_s_100_BBIOP2270-24,BBIOP2270-24,r_1.5_s_100,>BBIOP2270-24_r_1.5_s_100_BBIOP2270-24,1720622,WJR82112.1,genus:Amphimallon,,267,null,1533,0.0,82.0,13.05,6.0,null,null,null,null,null,null
BBIOP2269-24_r_1.5_s_50_BBIOP2269-24,BBIOP2269-24,r_1.5_s_50,>BBIOP2269-24_r_1.5_s_50_BBIOP2269-24,1720622,WJR82112.1,genus:Amphimallon,,5004,null,1533,0.0,660.0,165.81,143.0,null,null,null,null,null,null
BBIOP2193-24_r_1_s_100_BBIOP2193-24,BBIOP2193-24,r_1_s_100,>BBIOP2193-24_r_1_s_100_BBIOP2193-24,166330,AND96329.1,genus:Onitis,,9366,null,1545,0.0,1076.0,450.16,419.0,null,null,null,null,null,null
BBIOP2262-24_r_1_s_100_BBIOP2262-24,BBIOP2262-24,r_1_s_100,>BBIOP2262-24_r_1_s_100_BBIOP2262-24,1720622,WJR82112.1,genus:Amphimallon,,3324,null,1533,30.0,505.0,174.82,153.0,null,null,null,null,null,null
BBIOP2270-24_r_1_s_50_BBIOP2270-24,BBIOP2270-24,r_1_s_50,>BBIOP2270-24_r_1_s_50_BBIOP2270-24,1720622,WJR82112.1,genus:Amphimallon,,3063,null,1533,0.0,416.0,129.38,107.0,null,null,null,null,null,null
BBIOP2210-24_r_1.3_s_50_BBIOP2210-24,BBIOP2210-24,r_1.3_s_50,>BBIOP2210-24_r_1.3_s_50_BBIOP2210-24,2722828,YP_010631648.1,family:Glaphyridae,,4630,null,1533,0.0,410.0,199.74,197.0,null,null,null,null,null,null
BBIOP2206-24_r_1.3_s_50_BBIOP2206-24,BBIOP2206-24,r_1.3_s_50,>BBIOP2206-24_r_1.3_s_50_BBIOP2206-24,166353,AND96251.1,genus:Onthophagus,,748,null,1548,0.0,153.0,29.13,20.0,null,null,null,null,null,null
BBIOP2205-24_r_1.3_s_50_BBIOP2205-24,BBIOP2205-24,r_1.3_s_50,>BBIOP2205-24_r_1.3_s_50_BBIOP2205-24,166353,AND96251.1,genus:Onthophagus,,78,null,1548,0.0,21.0,3.2,1.0,null,null,null,null,null,null
BBIOP2263-24_r_1_s_100_BBIOP2263-24,BBIOP2263-24,r_1_s_100,>BBIOP2263-24_r_1_s_100_BBIOP2263-24,1720622,WJR82112.1,genus:Amphimallon,,861,null,1533,0.0,202.0,64.14,53.0,null,null,null,null,null,null
BBIOP2202-24_r_1.3_s_50_BBIOP2202-24,BBIOP2202-24,r_1.3_s_50,>BBIOP2202-24_r_1.3_s_50_BBIOP2202-24,166350,AND96251.1,genus:Onthophagus,,690,null,1548,0.0,123.0,32.79,26.0,null,null,null,null,null,null
BBIOP2265-24_r_1_s_100_BBIOP2265-24,BBIOP2265-24,r_1_s_100,>BBIOP2265-24_r_1_s_100_BBIOP2265-24,1720622,WJR82112.1,genus:Amphimallon,,1246,null,1533,6.0,167.0,68.13,70.0,null,null,null,null,null,null
BBIOP2262-24_r_1.3_s_50_BBIOP2262-24,BBIOP2262-24,r_1.3_s_50,>BBIOP2262-24_r_1.3_s_50_BBIOP2262-24,1720622,WJR82112.1,genus:Amphimallon,,6896,null,1533,95.0,646.0,281.48,253.0,null,null,null,null,null,null
BBIOP2194-24_r_1.3_s_50_BBIOP2194-24,BBIOP2194-24,r_1.3_s_50,>BBIOP2194-24_r_1.3_s_50_BBIOP2194-24,166346,AND96329.1,genus:Onitis,,4313,null,1545,0.0,615.0,180.19,172.0,null,null,null,null,null,null
BBIOP2264-24_r_1.3_s_100_BBIOP2264-24,BBIOP2264-24,r_1.3_s_100,>BBIOP2264-24_r_1.3_s_100_BBIOP2264-24,1720622,WJR82112.1,genus:Amphimallon,,1138,null,1533,0.0,154.0,50.76,44.0,null,null,null,null,null,null
BBIOP2220-24_r_1.3_s_50_BBIOP2220-24,BBIOP2220-24,r_1.3_s_50,>BBIOP2220-24_r_1.3_s_50_BBIOP2220-24,702309,AND96251.1,family:Scarabaeidae,,651,null,1548,0.0,66.0,23.27,22.0,null,null,null,null,null,null
BBIOP2208-24_r_1.5_s_50_BBIOP2208-24,BBIOP2208-24,r_1.5_s_50,>BBIOP2208-24_r_1.5_s_50_BBIOP2208-24,166359,AND96251.1,genus:Onthophagus,,450,null,1548,0.0,71.0,18.47,16.0,null,null,null,null,null,null
BBIOP2279-24_r_1_s_100_BBIOP2279-24,BBIOP2279-24,r_1_s_100,>BBIOP2279-24_r_1_s_100_BBIOP2279-24,1971888,XCN33691.1,subfamily:Melolonthinae,,337,null,1539,0.0,63.0,17.57,15.0,null,null,null,null,null,null
BBIOP2196-24_r_1.5_s_100_BBIOP2196-24,BBIOP2196-24,r_1.5_s_100,>BBIOP2196-24_r_1.5_s_100_BBIOP2196-24,166343,AND96617.1,genus:Euoniticellus,,9935,null,1542,0.0,1437.0,506.14,376.5,null,null,null,null,null,null
BBIOP2276-24_r_1.5_s_100_BBIOP2276-24,BBIOP2276-24,r_1.5_s_100,>BBIOP2276-24_r_1.5_s_100_BBIOP2276-24,1971888,XCN33691.1,subfamily:Melolonthinae,,194,null,1539,0.0,38.0,10.23,8.0,null,null,null,null,null,null
BBIOP2266-24_r_1_s_100_BBIOP2266-24,BBIOP2266-24,r_1_s_100,>BBIOP2266-24_r_1_s_100_BBIOP2266-24,1720622,WJR82112.1,genus:Amphimallon,,2197,null,1533,28.0,202.0,122.02,126.0,null,null,null,null,null,null
BBIOP2243-24_r_1_s_100_BBIOP2243-24,BBIOP2243-24,r_1_s_100,>BBIOP2243-24_r_1_s_100_BBIOP2243-24,702309,AND96251.1,family:Scarabaeidae,,127377,null,1548,0.0,12443.0,6606.06,6490.5,null,null,null,null,null,null
BBIOP2275-24_r_1.3_s_50_BBIOP2275-24,BBIOP2275-24,r_1.3_s_50,>BBIOP2275-24_r_1.3_s_50_BBIOP2275-24,1971888,XCN33691.1,subfamily:Melolonthinae,,4340,null,1539,0.0,560.0,146.93,124.0,null,null,null,null,null,null
BBIOP2227-24_r_1_s_50_BBIOP2227-24,BBIOP2227-24,r_1_s_50,>BBIOP2227-24_r_1_s_50_BBIOP2227-24,702309,AND96251.1,family:Scarabaeidae,,867,null,1548,0.0,149.0,47.73,40.5,null,null,null,null,null,null
BBIOP2205-24_r_1_s_50_BBIOP2205-24,BBIOP2205-24,r_1_s_50,>BBIOP2205-24_r_1_s_50_BBIOP2205-24,166353,AND96251.1,genus:Onthophagus,,323,null,1548,0.0,55.0,19.89,19.0,null,null,null,null,null,null
BBIOP2260-24_r_1.3_s_50_BBIOP2260-24,BBIOP2260-24,r_1.3_s_50,>BBIOP2260-24_r_1.3_s_50_BBIOP2260-24,1720622,WJR82112.1,genus:Amphimallon,,768,null,1533,0.0,109.0,27.15,20.0,null,null,null,null,null,null
BBIOP2227-24_r_1.3_s_100_BBIOP2227-24,BBIOP2227-24,r_1.3_s_100,>BBIOP2227-24_r_1.3_s_100_BBIOP2227-24,702309,AND96251.1,family:Scarabaeidae,,121,null,1548,0.0,37.0,7.42,3.0,null,null,null,null,null,null
BBIOP2254-24_r_1.3_s_100_BBIOP2254-24,BBIOP2254-24,r_1.3_s_100,>BBIOP2254-24_r_1.3_s_100_BBIOP2254-24,1720622,WJR82112.1,genus:Amphimallon,,281,null,1533,0.0,58.0,13.49,10.0,null,null,null,null,null,null
BBIOP2232-24_r_1_s_50_BBIOP2232-24,BBIOP2232-24,r_1_s_50,>BBIOP2232-24_r_1_s_50_BBIOP2232-24,702309,AND96251.1,family:Scarabaeidae,,1505,null,1548,0.0,136.0,69.26,67.0,null,null,null,null,null,null
BBIOP2260-24_r_1.5_s_50_BBIOP2260-24,BBIOP2260-24,r_1.5_s_50,>BBIOP2260-24_r_1.5_s_50_BBIOP2260-24,1720622,WJR82112.1,genus:Amphimallon,,560,null,1533,0.0,57.0,16.96,15.0,null,null,null,null,null,null
BBIOP2262-24_r_1.5_s_100_BBIOP2262-24,BBIOP2262-24,r_1.5_s_100,>BBIOP2262-24_r_1.5_s_100_BBIOP2262-24,1720622,WJR82112.1,genus:Amphimallon,,2960,null,1533,6.0,501.0,152.36,140.0,null,null,null,null,null,null
BBIOP2205-24_r_1.3_s_100_BBIOP2205-24,BBIOP2205-24,r_1.3_s_100,>BBIOP2205-24_r_1.3_s_100_BBIOP2205-24,166353,AND96251.1,genus:Onthophagus,,21,null,1548,0.0,13.0,1.72,0.0,null,null,null,null,null,null
BBIOP2248-24_r_1_s_100_BBIOP2248-24,BBIOP2248-24,r_1_s_100,>BBIOP2248-24_r_1_s_100_BBIOP2248-24,1720622,WJR82112.1,genus:Amphimallon,,332,null,1533,0.0,60.0,20.72,19.0,null,null,null,null,null,null
BBIOP2279-24_r_1_s_50_BBIOP2279-24,BBIOP2279-24,r_1_s_50,>BBIOP2279-24_r_1_s_50_BBIOP2279-24,1971888,XCN33691.1,subfamily:Melolonthinae,,968,null,1539,1.0,136.0,37.39,27.0,null,null,null,null,null,null
BBIOP2191-24_r_1.5_s_100_BBIOP2191-24,BBIOP2191-24,r_1.5_s_100,>BBIOP2191-24_r_1.5_s_100_BBIOP2191-24,166340,AND96355.1,species:Bubas bubalus,,4533,null,1536,108.0,616.0,289.61,249.5,null,null,null,null,null,null
BBIOP2222-24_r_1.5_s_100_BBIOP2222-24,BBIOP2222-24,r_1.5_s_100,>BBIOP2222-24_r_1.5_s_100_BBIOP2222-24,702309,AND96251.1,family:Scarabaeidae,,162,null,1548,0.0,52.0,9.16,4.0,null,null,null,null,null,null
BBIOP2222-24_r_1_s_100_BBIOP2222-24,BBIOP2222-24,r_1_s_100,>BBIOP2222-24_r_1_s_100_BBIOP2222-24,702309,AND96251.1,family:Scarabaeidae,,430,null,1548,0.0,80.0,31.84,28.0,null,null,null,null,null,null
BBIOP2230-24_r_1_s_50_BBIOP2230-24,BBIOP2230-24,r_1_s_50,>BBIOP2230-24_r_1_s_50_BBIOP2230-24,702309,AND96251.1,family:Scarabaeidae,,613,null,1548,0.0,70.0,22.85,21.0,null,null,null,null,null,null
BBIOP2192-24_r_1_s_100_BBIOP2192-24,BBIOP2192-24,r_1_s_100,>BBIOP2192-24_r_1_s_100_BBIOP2192-24,166330,AND96329.1,genus:Onitis,,654,null,1545,0.0,106.0,48.27,47.0,null,null,null,null,null,null
BBIOP2200-24_r_1_s_100_BBIOP2200-24,BBIOP2200-24,r_1_s_100,>BBIOP2200-24_r_1_s_100_BBIOP2200-24,166332,AND96251.1,genus:Onthophagus,,1239,null,1548,2.0,190.0,74.12,64.5,null,null,null,null,null,null
BBIOP2255-24_r_1.5_s_100_BBIOP2255-24,BBIOP2255-24,r_1.5_s_100,>BBIOP2255-24_r_1.5_s_100_BBIOP2255-24,1720622,WJR82112.1,genus:Amphimallon,,551,null,1533,0.0,130.0,25.49,16.0,null,null,null,null,null,null
BBIOP2263-24_r_1_s_50_BBIOP2263-24,BBIOP2263-24,r_1_s_50,>BBIOP2263-24_r_1_s_50_BBIOP2263-24,1720622,WJR82112.1,genus:Amphimallon,,7812,null,1533,10.0,3858.0,218.97,140.0,null,null,null,null,null,null
BBIOP2200-24_r_1.3_s_100_BBIOP2200-24,BBIOP2200-24,r_1.3_s_100,>BBIOP2200-24_r_1.3_s_100_BBIOP2200-24,166332,AND96251.1,genus:Onthophagus,,995,null,1548,2.0,187.0,53.13,38.0,null,null,null,null,null,null
BBIOP2201-24_r_1_s_100_BBIOP2201-24,BBIOP2201-24,r_1_s_100,>BBIOP2201-24_r_1_s_100_BBIOP2201-24,166350,AND96251.1,genus:Onthophagus,,8389,null,1548,1.0,2722.0,605.17,256.5,null,null,null,null,null,null
BBIOP2266-24_r_1.3_s_100_BBIOP2266-24,BBIOP2266-24,r_1.3_s_100,>BBIOP2266-24_r_1.3_s_100_BBIOP2266-24,1720622,WJR82112.1,genus:Amphimallon,,2121,null,1533,28.0,202.0,116.9,118.0,null,null,null,null,null,null
BBIOP2280-24_r_1.5_s_50_BBIOP2280-24,BBIOP2280-24,r_1.5_s_50,>BBIOP2280-24_r_1.5_s_50_BBIOP2280-24,1971888,XCN33691.1,subfamily:Melolonthinae,,3713,null,1539,0.0,703.0,127.25,112.0,null,null,null,null,null,null
BBIOP2251-24_r_1.5_s_50_BBIOP2251-24,BBIOP2251-24,r_1.5_s_50,>BBIOP2251-24_r_1.5_s_50_BBIOP2251-24,1720622,WJR82112.1,genus:Amphimallon,,212,null,1533,0.0,40.0,7.44,4.0,null,null,null,null,null,null
BBIOP2233-24_r_1.5_s_50_BBIOP2233-24,BBIOP2233-24,r_1.5_s_50,>BBIOP2233-24_r_1.5_s_50_BBIOP2233-24,702309,AND96251.1,family:Scarabaeidae,,388,null,1548,0.0,38.0,12.4,12.0,null,null,null,null,null,null
BBIOP2249-24_r_1_s_50_BBIOP2249-24,BBIOP2249-24,r_1_s_50,>BBIOP2249-24_r_1_s_50_BBIOP2249-24,1720622,WJR82112.1,genus:Amphimallon,,713,null,1533,2.0,66.0,28.32,26.0,null,null,null,null,null,null
BBIOP2212-24_r_1_s_100_BBIOP2212-24,BBIOP2212-24,r_1_s_100,>BBIOP2212-24_r_1_s_100_BBIOP2212-24,2722830,YP_010631648.1,family:Glaphyridae,,476,null,1533,0.0,109.0,27.38,21.0,null,null,null,null,null,null
BBIOP2248-24_r_1.5_s_50_BBIOP2248-24,BBIOP2248-24,r_1.5_s_50,>BBIOP2248-24_r_1.5_s_50_BBIOP2248-24,1720622,WJR82112.1,genus:Amphimallon,,601,null,1533,0.0,63.0,21.18,20.0,null,null,null,null,null,null
BBIOP2238-24_r_1_s_100_BBIOP2238-24,BBIOP2238-24,r_1_s_100,>BBIOP2238-24_r_1_s_100_BBIOP2238-24,702309,AND96251.1,family:Scarabaeidae,,628,null,1548,0.0,169.0,47.53,39.0,null,null,null,null,null,null
BBIOP2213-24_r_1.3_s_50_BBIOP2213-24,BBIOP2213-24,r_1.3_s_50,>BBIOP2213-24_r_1.3_s_50_BBIOP2213-24,2722830,YP_010631648.1,family:Glaphyridae,,8841,null,1533,3.0,779.0,361.28,338.0,null,null,null,null,null,null
BBIOP2225-24_r_1.3_s_50_BBIOP2225-24,BBIOP2225-24,r_1.3_s_50,>BBIOP2225-24_r_1.3_s_50_BBIOP2225-24,702309,AND96251.1,family:Scarabaeidae,,3323,null,1548,0.0,234.0,148.02,155.0,null,null,null,null,null,null
BBIOP2240-24_r_1_s_100_BBIOP2240-24,BBIOP2240-24,r_1_s_100,>BBIOP2240-24_r_1_s_100_BBIOP2240-24,702309,AND96251.1,family:Scarabaeidae,,995,null,1548,0.0,164.0,51.14,42.0,null,null,null,null,null,null
BBIOP2187-24_r_1.3_s_100_BBIOP2187-24,BBIOP2187-24,r_1.3_s_100,>BBIOP2187-24_r_1.3_s_100_BBIOP2187-24,166368,XPK45401.1,genus:Gymnopleurus,,11406,null,1542,0.0,1930.0,637.03,456.0,null,null,null,null,null,null
BBIOP2235-24_r_1_s_50_BBIOP2235-24,BBIOP2235-24,r_1_s_50,>BBIOP2235-24_r_1_s_50_BBIOP2235-24,702309,AND96251.1,family:Scarabaeidae,,1941,null,1548,0.0,137.0,76.61,75.0,null,null,null,null,null,null
BBIOP2269-24_r_1_s_100_BBIOP2269-24,BBIOP2269-24,r_1_s_100,>BBIOP2269-24_r_1_s_100_BBIOP2269-24,1720622,WJR82112.1,genus:Amphimallon,,1339,null,1533,4.0,261.0,63.48,52.0,null,null,null,null,null,null
BBIOP2206-24_r_1_s_100_BBIOP2206-24,BBIOP2206-24,r_1_s_100,>BBIOP2206-24_r_1_s_100_BBIOP2206-24,166353,AND96251.1,genus:Onthophagus,,656,null,1548,0.0,163.0,45.24,32.0,null,null,null,null,null,null
BBIOP2187-24_r_1.5_s_100_BBIOP2187-24,BBIOP2187-24,r_1.5_s_100,>BBIOP2187-24_r_1.5_s_100_BBIOP2187-24,166368,XPK45401.1,genus:Gymnopleurus,,11288,null,1542,0.0,1924.0,628.79,447.5,null,null,null,null,null,null
BBIOP2214-24_r_1_s_50_BBIOP2214-24,BBIOP2214-24,r_1_s_50,>BBIOP2214-24_r_1_s_50_BBIOP2214-24,702309,AND96251.1,family:Scarabaeidae,,1499,null,1548,0.0,176.0,56.97,52.0,null,null,null,null,null,null
BBIOP2270-24_r_1.3_s_50_BBIOP2270-24,BBIOP2270-24,r_1.3_s_50,>BBIOP2270-24_r_1.3_s_50_BBIOP2270-24,1720622,WJR82112.1,genus:Amphimallon,,1972,null,1533,0.0,377.0,67.99,46.0,null,null,null,null,null,null
BBIOP2237-24_r_1.3_s_50_BBIOP2237-24,BBIOP2237-24,r_1.3_s_50,>BBIOP2237-24_r_1.3_s_50_BBIOP2237-24,702309,AND96251.1,family:Scarabaeidae,,1677,null,1548,0.0,131.0,54.85,50.0,null,null,null,null,null,null
BBIOP2197-24_r_1_s_100_BBIOP2197-24,BBIOP2197-24,r_1_s_100,>BBIOP2197-24_r_1_s_100_BBIOP2197-24,166365,AND96251.1,tribe:Onthophagini,,4461,null,1548,2.0,502.0,263.19,258.0,null,null,null,null,null,null
BBIOP2225-24_r_1.5_s_50_BBIOP2225-24,BBIOP2225-24,r_1.5_s_50,>BBIOP2225-24_r_1.5_s_50_BBIOP2225-24,702309,AND96251.1,family:Scarabaeidae,,2725,null,1548,0.0,226.0,122.88,141.0,null,null,null,null,null,null
BBIOP2242-24_r_1_s_50_BBIOP2242-24,BBIOP2242-24,r_1_s_50,>BBIOP2242-24_r_1_s_50_BBIOP2242-24,702309,AND96251.1,family:Scarabaeidae,,12094,null,1548,0.0,871.0,455.09,436.0,null,null,null,null,null,null
BBIOP2218-24_r_1.3_s_100_BBIOP2218-24,BBIOP2218-24,r_1.3_s_100,>BBIOP2218-24_r_1.3_s_100_BBIOP2218-24,702309,AND96251.1,family:Scarabaeidae,,450,null,1548,0.0,84.0,21.03,14.0,null,null,null,null,null,null
BBIOP2190-24_r_1.3_s_100_BBIOP2190-24,BBIOP2190-24,r_1.3_s_100,>BBIOP2190-24_r_1.3_s_100_BBIOP2190-24,166326,AND96368.1,species:Bubas bison,,72,null,1536,0.0,44.0,6.12,0.0,null,null,null,null,null,null
BBIOP2262-24_r_1.5_s_50_BBIOP2262-24,BBIOP2262-24,r_1.5_s_50,>BBIOP2262-24_r_1.5_s_50_BBIOP2262-24,1720622,WJR82112.1,genus:Amphimallon,,5799,null,1533,6.0,637.0,237.56,218.0,null,null,null,null,null,null
BBIOP2223-24_r_1.3_s_100_BBIOP2223-24,BBIOP2223-24,r_1.3_s_100,>BBIOP2223-24_r_1.3_s_100_BBIOP2223-24,702309,AND96251.1,family:Scarabaeidae,,288,null,1548,0.0,64.0,14.33,12.0,null,null,null,null,null,null
BBIOP2237-24_r_1.3_s_100_BBIOP2237-24,BBIOP2237-24,r_1.3_s_100,>BBIOP2237-24_r_1.3_s_100_BBIOP2237-24,702309,AND96251.1,family:Scarabaeidae,,368,null,1548,0.0,108.0,16.86,12.0,null,null,null,null,null,null
BBIOP2242-24_r_1.5_s_50_BBIOP2242-24,BBIOP2242-24,r_1.5_s_50,>BBIOP2242-24_r_1.5_s_50_BBIOP2242-24,702309,AND96251.1,family:Scarabaeidae,,9300,null,1548,0.0,851.0,344.55,365.5,null,null,null,null,null,null
BBIOP2255-24_r_1.3_s_50_BBIOP2255-24,BBIOP2255-24,r_1.3_s_50,>BBIOP2255-24_r_1.3_s_50_BBIOP2255-24,1720622,WJR82112.1,genus:Amphimallon,,2021,null,1533,10.0,231.0,69.54,59.0,null,null,null,null,null,null
BBIOP2252-24_r_1_s_50_BBIOP2252-24,BBIOP2252-24,r_1_s_50,>BBIOP2252-24_r_1_s_50_BBIOP2252-24,1720622,WJR82112.1,genus:Amphimallon,,5267,null,1533,66.0,489.0,188.32,174.0,null,null,null,null,null,null
BBIOP2270-24_r_1.3_s_100_BBIOP2270-24,BBIOP2270-24,r_1.3_s_100,>BBIOP2270-24_r_1.3_s_100_BBIOP2270-24,1720622,WJR82112.1,genus:Amphimallon,,387,null,1533,0.0,136.0,21.45,8.0,null,null,null,null,null,null
BBIOP2248-24_r_1_s_50_BBIOP2248-24,BBIOP2248-24,r_1_s_50,>BBIOP2248-24_r_1_s_50_BBIOP2248-24,1720622,WJR82112.1,genus:Amphimallon,,1033,null,1533,0.0,86.0,42.32,41.0,null,null,null,null,null,null
BBIOP2223-24_r_1.5_s_100_BBIOP2223-24,BBIOP2223-24,r_1.5_s_100,>BBIOP2223-24_r_1.5_s_100_BBIOP2223-24,702309,AND96251.1,family:Scarabaeidae,,256,null,1548,0.0,64.0,12.24,10.0,null,null,null,null,null,null
BBIOP2207-24_r_1.5_s_100_BBIOP2207-24,BBIOP2207-24,r_1.5_s_100,>BBIOP2207-24_r_1.5_s_100_BBIOP2207-24,476056,AND96251.1,genus:Onthophagus,,289,null,1548,0.0,44.0,15.43,16.0,null,null,null,null,null,null
BBIOP2221-24_r_1.5_s_50_BBIOP2221-24,BBIOP2221-24,r_1.5_s_50,>BBIOP2221-24_r_1.5_s_50_BBIOP2221-24,702309,AND96251.1,family:Scarabaeidae,,1618,null,1548,0.0,159.0,56.97,56.0,null,null,null,null,null,null
BBIOP2258-24_r_1_s_50_BBIOP2258-24,BBIOP2258-24,r_1_s_50,>BBIOP2258-24_r_1_s_50_BBIOP2258-24,1720622,WJR82112.1,genus:Amphimallon,,2778,null,1533,13.0,262.0,153.5,156.0,null,null,null,null,null,null
BBIOP2246-24_r_1.3_s_50_BBIOP2246-24,BBIOP2246-24,r_1.3_s_50,>BBIOP2246-24_r_1.3_s_50_BBIOP2246-24,1720622,WJR82112.1,genus:Amphimallon,,1541,null,1533,25.0,142.0,67.08,58.0,null,null,null,null,null,null
BBIOP2272-24_r_1_s_50_BBIOP2272-24,BBIOP2272-24,r_1_s_50,>BBIOP2272-24_r_1_s_50_BBIOP2272-24,1971888,XCN33691.1,subfamily:Melolonthinae,,972,null,1539,0.0,223.0,42.64,26.0,null,null,null,null,null,null
BBIOP2223-24_r_1.5_s_50_BBIOP2223-24,BBIOP2223-24,r_1.5_s_50,>BBIOP2223-24_r_1.5_s_50_BBIOP2223-24,702309,AND96251.1,family:Scarabaeidae,,890,null,1548,0.0,91.0,31.77,28.0,null,null,null,null,null,null
BBIOP2187-24_r_1.5_s_50_BBIOP2187-24,BBIOP2187-24,r_1.5_s_50,>BBIOP2187-24_r_1.5_s_50_BBIOP2187-24,166368,XPK45401.1,genus:Gymnopleurus,,17511,null,1542,7.0,2630.0,818.9,541.5,null,null,null,null,null,null
BBIOP2202-24_r_1.5_s_100_BBIOP2202-24,BBIOP2202-24,r_1.5_s_100,>BBIOP2202-24_r_1.5_s_100_BBIOP2202-24,166350,AND96251.1,genus:Onthophagus,,307,null,1548,0.0,68.0,17.62,15.0,null,null,null,null,null,null
BBIOP2203-24_r_1.5_s_50_BBIOP2203-24,BBIOP2203-24,r_1.5_s_50,>BBIOP2203-24_r_1.5_s_50_BBIOP2203-24,1541080,AND96251.1,genus:Onthophagus,,235,null,1548,0.0,66.0,8.44,2.0,null,null,null,null,null,null
BBIOP2211-24_r_1_s_100_BBIOP2211-24,BBIOP2211-24,r_1_s_100,>BBIOP2211-24_r_1_s_100_BBIOP2211-24,2722828,YP_010631648.1,family:Glaphyridae,,549,null,1533,0.0,109.0,41.66,36.0,null,null,null,null,null,null
BBIOP2241-24_r_1.5_s_100_BBIOP2241-24,BBIOP2241-24,r_1.5_s_100,>BBIOP2241-24_r_1.5_s_100_BBIOP2241-24,702309,AND96251.1,family:Scarabaeidae,,75,null,1548,0.0,36.0,3.94,2.0,null,null,null,null,null,null
BBIOP2238-24_r_1_s_50_BBIOP2238-24,BBIOP2238-24,r_1_s_50,>BBIOP2238-24_r_1_s_50_BBIOP2238-24,702309,AND96251.1,family:Scarabaeidae,,1649,null,1548,0.0,250.0,80.93,70.5,null,null,null,null,null,null
BBIOP2248-24_r_1.3_s_50_BBIOP2248-24,BBIOP2248-24,r_1.3_s_50,>BBIOP2248-24_r_1.3_s_50_BBIOP2248-24,1720622,WJR82112.1,genus:Amphimallon,,728,null,1533,0.0,80.0,25.52,24.0,null,null,null,null,null,null
BBIOP2220-24_r_1.5_s_100_BBIOP2220-24,BBIOP2220-24,r_1.5_s_100,>BBIOP2220-24_r_1.5_s_100_BBIOP2220-24,702309,AND96251.1,family:Scarabaeidae,,174,null,1548,0.0,22.0,8.59,8.0,null,null,null,null,null,null
BBIOP2279-24_r_1.5_s_50_BBIOP2279-24,BBIOP2279-24,r_1.5_s_50,>BBIOP2279-24_r_1.5_s_50_BBIOP2279-24,1971888,XCN33691.1,subfamily:Melolonthinae,,607,null,1539,0.0,73.0,23.92,18.0,null,null,null,null,null,null
BBIOP2215-24_r_1.5_s_100_BBIOP2215-24,BBIOP2215-24,r_1.5_s_100,>BBIOP2215-24_r_1.5_s_100_BBIOP2215-24,702309,AND96251.1,family:Scarabaeidae,,1033,null,1548,0.0,238.0,48.87,42.0,null,null,null,null,null,null
BBIOP2220-24_r_1.5_s_50_BBIOP2220-24,BBIOP2220-24,r_1.5_s_50,>BBIOP2220-24_r_1.5_s_50_BBIOP2220-24,702309,AND96251.1,family:Scarabaeidae,,494,null,1548,0.0,44.0,18.0,18.0,null,null,null,null,null,null
BBIOP2237-24_r_1_s_100_BBIOP2237-24,BBIOP2237-24,r_1_s_100,>BBIOP2237-24_r_1_s_100_BBIOP2237-24,702309,AND96251.1,family:Scarabaeidae,,469,null,1548,0.0,126.0,25.01,17.0,null,null,null,null,null,null
BBIOP2198-24_r_1.3_s_50_BBIOP2198-24,BBIOP2198-24,r_1.3_s_50,>BBIOP2198-24_r_1.3_s_50_BBIOP2198-24,166365,AND96251.1,tribe:Onthophagini,,29618,null,1548,0.0,2504.0,1694.08,1672.5,null,null,null,null,null,null
BBIOP2209-24_r_1_s_100_BBIOP2209-24,BBIOP2209-24,r_1_s_100,>BBIOP2209-24_r_1_s_100_BBIOP2209-24,2722829,YP_010631648.1,family:Glaphyridae,,560,null,1533,0.0,122.0,41.08,34.0,null,null,null,null,null,null
BBIOP2201-24_r_1.3_s_50_BBIOP2201-24,BBIOP2201-24,r_1.3_s_50,>BBIOP2201-24_r_1.3_s_50_BBIOP2201-24,166350,AND96251.1,genus:Onthophagus,,11806,null,1548,0.0,4653.0,607.58,335.0,null,null,null,null,null,null
BBIOP2217-24_r_1_s_100_BBIOP2217-24,BBIOP2217-24,r_1_s_100,>BBIOP2217-24_r_1_s_100_BBIOP2217-24,702309,AND96251.1,family:Scarabaeidae,,495,null,1548,0.0,78.0,26.37,23.0,null,null,null,null,null,null
BBIOP2212-24_r_1.5_s_50_BBIOP2212-24,BBIOP2212-24,r_1.5_s_50,>BBIOP2212-24_r_1.5_s_50_BBIOP2212-24,2722830,YP_010631648.1,family:Glaphyridae,,987,null,1533,0.0,168.0,36.76,32.0,null,null,null,null,null,null
BBIOP2235-24_r_1.5_s_100_BBIOP2235-24,BBIOP2235-24,r_1.5_s_100,>BBIOP2235-24_r_1.5_s_100_BBIOP2235-24,702309,AND96251.1,family:Scarabaeidae,,511,null,1548,0.0,67.0,24.89,26.0,null,null,null,null,null,null
BBIOP2204-24_r_1.5_s_50_BBIOP2204-24,BBIOP2204-24,r_1.5_s_50,>BBIOP2204-24_r_1.5_s_50_BBIOP2204-24,1541080,AND96251.1,genus:Onthophagus,,24,null,1548,0.0,9.0,1.19,0.0,null,null,null,null,null,null
BBIOP2249-24_r_1.3_s_50_BBIOP2249-24,BBIOP2249-24,r_1.3_s_50,>BBIOP2249-24_r_1.3_s_50_BBIOP2249-24,1720622,WJR82112.1,genus:Amphimallon,,596,null,1533,2.0,54.0,21.15,19.0,null,null,null,null,null,null
BBIOP2201-24_r_1.3_s_100_BBIOP2201-24,BBIOP2201-24,r_1.3_s_100,>BBIOP2201-24_r_1.3_s_100_BBIOP2201-24,166350,AND96251.1,genus:Onthophagus,,7102,null,1548,0.0,2672.0,492.59,241.5,null,null,null,null,null,null
BBIOP2205-24_r_1.5_s_50_BBIOP2205-24,BBIOP2205-24,r_1.5_s_50,>BBIOP2205-24_r_1.5_s_50_BBIOP2205-24,166353,AND96251.1,genus:Onthophagus,,32,null,1548,0.0,20.0,0.78,0.0,null,null,null,null,null,null
BBIOP2211-24_r_1.5_s_50_BBIOP2211-24,BBIOP2211-24,r_1.5_s_50,>BBIOP2211-24_r_1.5_s_50_BBIOP2211-24,2722828,YP_010631648.1,family:Glaphyridae,,481,null,1533,0.0,66.0,17.11,14.0,null,null,null,null,null,null
BBIOP2257-24_r_1.3_s_100_BBIOP2257-24,BBIOP2257-24,r_1.3_s_100,>BBIOP2257-24_r_1.3_s_100_BBIOP2257-24,1720622,WJR82112.1,genus:Amphimallon,,352,null,1533,0.0,57.0,17.46,14.0,null,null,null,null,null,null
BBIOP2217-24_r_1.3_s_100_BBIOP2217-24,BBIOP2217-24,r_1.3_s_100,>BBIOP2217-24_r_1.3_s_100_BBIOP2217-24,702309,AND96251.1,family:Scarabaeidae,,435,null,1548,0.0,73.0,21.71,18.0,null,null,null,null,null,null
BBIOP2224-24_r_1.5_s_50_BBIOP2224-24,BBIOP2224-24,r_1.5_s_50,>BBIOP2224-24_r_1.5_s_50_BBIOP2224-24,702309,AND96251.1,family:Scarabaeidae,,1000,null,1548,0.0,144.0,30.95,20.0,null,null,null,null,null,null
BBIOP2193-24_r_1.5_s_100_BBIOP2193-24,BBIOP2193-24,r_1.5_s_100,>BBIOP2193-24_r_1.5_s_100_BBIOP2193-24,166330,AND96329.1,genus:Onitis,,8726,null,1545,0.0,1024.0,409.57,378.0,null,null,null,null,null,null
BBIOP2196-24_r_1_s_50_BBIOP2196-24,BBIOP2196-24,r_1_s_50,>BBIOP2196-24_r_1_s_50_BBIOP2196-24,166343,AND96617.1,genus:Euoniticellus,,17672,null,1542,8.0,2144.0,760.47,573.5,null,null,null,null,null,null
BBIOP2216-24_r_1.3_s_50_BBIOP2216-24,BBIOP2216-24,r_1.3_s_50,>BBIOP2216-24_r_1.3_s_50_BBIOP2216-24,702309,AND96251.1,family:Scarabaeidae,,618,null,1548,0.0,100.0,22.4,13.0,null,null,null,null,null,null
BBIOP2204-24_r_1.5_s_100_BBIOP2204-24,BBIOP2204-24,r_1.5_s_100,>BBIOP2204-24_r_1.5_s_100_BBIOP2204-24,1541080,AND96251.1,genus:Onthophagus,,11,null,1548,0.0,4.0,0.8,0.0,null,null,null,null,null,null
BBIOP2226-24_r_1_s_100_BBIOP2226-24,BBIOP2226-24,r_1_s_100,>BBIOP2226-24_r_1_s_100_BBIOP2226-24,702309,AND96251.1,family:Scarabaeidae,,537,null,1548,0.0,142.0,44.95,36.5,null,null,null,null,null,null
BBIOP2278-24_r_1_s_100_BBIOP2278-24,BBIOP2278-24,r_1_s_100,>BBIOP2278-24_r_1_s_100_BBIOP2278-24,1971888,XCN33691.1,subfamily:Melolonthinae,,1066,null,1539,8.0,125.0,54.99,52.0,null,null,null,null,null,null
BBIOP2221-24_r_1_s_100_BBIOP2221-24,BBIOP2221-24,r_1_s_100,>BBIOP2221-24_r_1_s_100_BBIOP2221-24,702309,AND96251.1,family:Scarabaeidae,,675,null,1548,0.0,105.0,34.33,29.0,null,null,null,null,null,null
BBIOP2237-24_r_1.5_s_100_BBIOP2237-24,BBIOP2237-24,r_1.5_s_100,>BBIOP2237-24_r_1.5_s_100_BBIOP2237-24,702309,AND96251.1,family:Scarabaeidae,,337,null,1548,0.0,93.0,14.55,10.0,null,null,null,null,null,null
BBIOP2241-24_r_1_s_100_BBIOP2241-24,BBIOP2241-24,r_1_s_100,>BBIOP2241-24_r_1_s_100_BBIOP2241-24,702309,AND96251.1,family:Scarabaeidae,,447,null,1548,0.0,105.0,35.09,28.0,null,null,null,null,null,null
BBIOP2246-24_r_1.3_s_100_BBIOP2246-24,BBIOP2246-24,r_1.3_s_100,>BBIOP2246-24_r_1.3_s_100_BBIOP2246-24,1720622,WJR82112.1,genus:Amphimallon,,831,null,1533,13.0,118.0,45.01,41.0,null,null,null,null,null,null
BBIOP2271-24_r_1.5_s_100_BBIOP2271-24,BBIOP2271-24,r_1.5_s_100,>BBIOP2271-24_r_1.5_s_100_BBIOP2271-24,1720622,WJR82112.1,genus:Amphimallon,,991,null,1533,0.0,147.0,46.53,36.0,null,null,null,null,null,null
BBIOP2209-24_r_1.5_s_100_BBIOP2209-24,BBIOP2209-24,r_1.5_s_100,>BBIOP2209-24_r_1.5_s_100_BBIOP2209-24,2722829,YP_010631648.1,family:Glaphyridae,,178,null,1533,0.0,46.0,8.7,6.0,null,null,null,null,null,null
BBIOP2188-24_r_1.3_s_50_BBIOP2188-24,BBIOP2188-24,r_1.3_s_50,>BBIOP2188-24_r_1.3_s_50_BBIOP2188-24,166368,XPK45401.1,genus:Gymnopleurus,,919,null,1542,0.0,131.0,33.67,30.5,null,null,null,null,null,null
BBIOP2270-24_r_1_s_100_BBIOP2270-24,BBIOP2270-24,r_1_s_100,>BBIOP2270-24_r_1_s_100_BBIOP2270-24,1720622,WJR82112.1,genus:Amphimallon,,791,null,1533,0.0,196.0,55.81,47.0,null,null,null,null,null,null
BBIOP2209-24_r_1.5_s_50_BBIOP2209-24,BBIOP2209-24,r_1.5_s_50,>BBIOP2209-24_r_1.5_s_50_BBIOP2209-24,2722829,YP_010631648.1,family:Glaphyridae,,410,null,1533,0.0,62.0,15.49,12.0,null,null,null,null,null,null
BBIOP2261-24_r_1.5_s_50_BBIOP2261-24,BBIOP2261-24,r_1.5_s_50,>BBIOP2261-24_r_1.5_s_50_BBIOP2261-24,1720622,WJR82112.1,genus:Amphimallon,,2855,null,1533,0.0,339.0,97.66,80.0,null,null,null,null,null,null
BBIOP2280-24_r_1_s_100_BBIOP2280-24,BBIOP2280-24,r_1_s_100,>BBIOP2280-24_r_1_s_100_BBIOP2280-24,1971888,XCN33691.1,subfamily:Melolonthinae,,1190,null,1539,0.0,135.0,56.7,52.0,null,null,null,null,null,null
BBIOP2251-24_r_1.3_s_100_BBIOP2251-24,BBIOP2251-24,r_1.3_s_100,>BBIOP2251-24_r_1.3_s_100_BBIOP2251-24,1720622,WJR82112.1,genus:Amphimallon,,81,null,1533,0.0,51.0,6.92,2.0,null,null,null,null,null,null
BBIOP2253-24_r_1_s_100_BBIOP2253-24,BBIOP2253-24,r_1_s_100,>BBIOP2253-24_r_1_s_100_BBIOP2253-24,1720622,WJR82112.1,genus:Amphimallon,,344,null,1533,0.0,89.0,26.16,15.0,null,null,null,null,null,null
BBIOP2259-24_r_1_s_50_BBIOP2259-24,BBIOP2259-24,r_1_s_50,>BBIOP2259-24_r_1_s_50_BBIOP2259-24,1720622,WJR82112.1,genus:Amphimallon,,1023,null,1533,0.0,177.0,58.01,54.0,null,null,null,null,null,null
BBIOP2225-24_r_1_s_50_BBIOP2225-24,BBIOP2225-24,r_1_s_50,>BBIOP2225-24_r_1_s_50_BBIOP2225-24,702309,AND96251.1,family:Scarabaeidae,,3743,null,1548,0.0,273.0,170.95,177.0,null,null,null,null,null,null
BBIOP2247-24_r_1.5_s_100_BBIOP2247-24,BBIOP2247-24,r_1.5_s_100,>BBIOP2247-24_r_1.5_s_100_BBIOP2247-24,1720622,WJR82112.1,genus:Amphimallon,,9180,null,1533,135.0,1110.0,560.66,572.0,null,null,null,null,null,null
BBIOP2248-24_r_1.3_s_100_BBIOP2248-24,BBIOP2248-24,r_1.3_s_100,>BBIOP2248-24_r_1.3_s_100_BBIOP2248-24,1720622,WJR82112.1,genus:Amphimallon,,204,null,1533,0.0,32.0,9.87,8.0,null,null,null,null,null,null
BBIOP2221-24_r_1_s_50_BBIOP2221-24,BBIOP2221-24,r_1_s_50,>BBIOP2221-24_r_1_s_50_BBIOP2221-24,702309,AND96251.1,family:Scarabaeidae,,2187,null,1548,0.0,171.0,79.28,74.0,null,null,null,null,null,null
BBIOP2260-24_r_1.5_s_100_BBIOP2260-24,BBIOP2260-24,r_1.5_s_100,>BBIOP2260-24_r_1.5_s_100_BBIOP2260-24,1720622,WJR82112.1,genus:Amphimallon,,71,null,1533,0.0,19.0,3.39,2.0,null,null,null,null,null,null
BBIOP2200-24_r_1_s_50_BBIOP2200-24,BBIOP2200-24,r_1_s_50,>BBIOP2200-24_r_1_s_50_BBIOP2200-24,166332,AND96251.1,genus:Onthophagus,,2246,null,1548,16.0,369.0,106.76,81.5,null,null,null,null,null,null
BBIOP2196-24_r_1.3_s_100_BBIOP2196-24,BBIOP2196-24,r_1.3_s_100,>BBIOP2196-24_r_1.3_s_100_BBIOP2196-24,166343,AND96617.1,genus:Euoniticellus,,10099,null,1542,0.0,1462.0,515.85,381.0,null,null,null,null,null,null
BBIOP2244-24_r_1_s_100_BBIOP2244-24,BBIOP2244-24,r_1_s_100,>BBIOP2244-24_r_1_s_100_BBIOP2244-24,702309,AND96251.1,family:Scarabaeidae,,298,null,1548,0.0,56.0,15.78,13.0,null,null,null,null,null,null
BBIOP2220-24_r_1.3_s_100_BBIOP2220-24,BBIOP2220-24,r_1.3_s_100,>BBIOP2220-24_r_1.3_s_100_BBIOP2220-24,702309,AND96251.1,family:Scarabaeidae,,194,null,1548,0.0,32.0,9.72,8.0,null,null,null,null,null,null
BBIOP2206-24_r_1.5_s_100_BBIOP2206-24,BBIOP2206-24,r_1.5_s_100,>BBIOP2206-24_r_1.5_s_100_BBIOP2206-24,166353,AND96251.1,genus:Onthophagus,,210,null,1548,0.0,56.0,11.07,8.0,null,null,null,null,null,null
BBIOP2268-24_r_1_s_50_BBIOP2268-24,BBIOP2268-24,r_1_s_50,>BBIOP2268-24_r_1_s_50_BBIOP2268-24,1720622,WJR82112.1,genus:Amphimallon,,378583,null,1533,7203.0,24265.0,14275.58,13887.0,null,null,null,null,null,null
BBIOP2228-24_r_1_s_100_BBIOP2228-24,BBIOP2228-24,r_1_s_100,>BBIOP2228-24_r_1_s_100_BBIOP2228-24,702309,AND96251.1,family:Scarabaeidae,,419,null,1548,0.0,117.0,34.14,24.0,null,null,null,null,null,null
BBIOP2257-24_r_1.5_s_100_BBIOP2257-24,BBIOP2257-24,r_1.5_s_100,>BBIOP2257-24_r_1.5_s_100_BBIOP2257-24,1720622,WJR82112.1,genus:Amphimallon,,321,null,1533,0.0,50.0,14.93,14.0,null,null,null,null,null,null
BBIOP2250-24_r_1_s_50_BBIOP2250-24,BBIOP2250-24,r_1_s_50,>BBIOP2250-24_r_1_s_50_BBIOP2250-24,1720622,WJR82112.1,genus:Amphimallon,,617,null,1533,0.0,74.0,26.22,24.0,null,null,null,null,null,null
BBIOP2232-24_r_1.3_s_50_BBIOP2232-24,BBIOP2232-24,r_1.3_s_50,>BBIOP2232-24_r_1.3_s_50_BBIOP2232-24,702309,AND96251.1,family:Scarabaeidae,,1325,null,1548,0.0,117.0,59.49,60.0,null,null,null,null,null,null
BBIOP2194-24_r_1.5_s_100_BBIOP2194-24,BBIOP2194-24,r_1.5_s_100,>BBIOP2194-24_r_1.5_s_100_BBIOP2194-24,166346,AND96329.1,genus:Onitis,,2168,null,1545,0.0,429.0,111.37,96.0,null,null,null,null,null,null
BBIOP2252-24_r_1.5_s_100_BBIOP2252-24,BBIOP2252-24,r_1.5_s_100,>BBIOP2252-24_r_1.5_s_100_BBIOP2252-24,1720622,WJR82112.1,genus:Amphimallon,,1487,null,1533,2.0,298.0,70.17,58.0,null,null,null,null,null,null
BBIOP2254-24_r_1.5_s_50_BBIOP2254-24,BBIOP2254-24,r_1.5_s_50,>BBIOP2254-24_r_1.5_s_50_BBIOP2254-24,1720622,WJR82112.1,genus:Amphimallon,,848,null,1533,0.0,181.0,29.29,24.0,null,null,null,null,null,null
BBIOP2211-24_r_1.3_s_100_BBIOP2211-24,BBIOP2211-24,r_1.3_s_100,>BBIOP2211-24_r_1.3_s_100_BBIOP2211-24,2722828,YP_010631648.1,family:Glaphyridae,,223,null,1533,0.0,57.0,12.82,8.0,null,null,null,null,null,null
BBIOP2265-24_r_1.5_s_50_BBIOP2265-24,BBIOP2265-24,r_1.5_s_50,>BBIOP2265-24_r_1.5_s_50_BBIOP2265-24,1720622,WJR82112.1,genus:Amphimallon,,2894,null,1533,4.0,234.0,99.34,98.0,null,null,null,null,null,null
BBIOP2240-24_r_1.5_s_50_BBIOP2240-24,BBIOP2240-24,r_1.5_s_50,>BBIOP2240-24_r_1.5_s_50_BBIOP2240-24,702309,AND96251.1,family:Scarabaeidae,,2278,null,1548,0.0,284.0,81.91,72.0,null,null,null,null,null,null
BBIOP2218-24_r_1.5_s_50_BBIOP2218-24,BBIOP2218-24,r_1.5_s_50,>BBIOP2218-24_r_1.5_s_50_BBIOP2218-24,702309,AND96251.1,family:Scarabaeidae,,1279,null,1548,0.0,171.0,43.66,38.0,null,null,null,null,null,null
BBIOP2228-24_r_1_s_50_BBIOP2228-24,BBIOP2228-24,r_1_s_50,>BBIOP2228-24_r_1_s_50_BBIOP2228-24,702309,AND96251.1,family:Scarabaeidae,,879,null,1548,0.0,199.0,47.83,38.0,null,null,null,null,null,null
BBIOP2267-24_r_1.5_s_100_BBIOP2267-24,BBIOP2267-24,r_1.5_s_100,>BBIOP2267-24_r_1.5_s_100_BBIOP2267-24,1720622,WJR82112.1,genus:Amphimallon,,1971,null,1533,0.0,285.0,89.56,77.0,null,null,null,null,null,null
BBIOP2250-24_r_1.3_s_100_BBIOP2250-24,BBIOP2250-24,r_1.3_s_100,>BBIOP2250-24_r_1.3_s_100_BBIOP2250-24,1720622,WJR82112.1,genus:Amphimallon,,112,null,1533,0.0,38.0,6.34,4.0,null,null,null,null,null,null
BBIOP2198-24_r_1.5_s_50_BBIOP2198-24,BBIOP2198-24,r_1.5_s_50,>BBIOP2198-24_r_1.5_s_50_BBIOP2198-24,166365,AND96251.1,tribe:Onthophagini,,28065,null,1548,0.0,2483.0,1611.91,1594.0,null,null,null,null,null,null
BBIOP2271-24_r_1.5_s_50_BBIOP2271-24,BBIOP2271-24,r_1.5_s_50,>BBIOP2271-24_r_1.5_s_50_BBIOP2271-24,1720622,WJR82112.1,genus:Amphimallon,,3732,null,1533,10.0,408.0,126.95,110.0,null,null,null,null,null,null
BBIOP2227-24_r_1_s_100_BBIOP2227-24,BBIOP2227-24,r_1_s_100,>BBIOP2227-24_r_1_s_100_BBIOP2227-24,702309,AND96251.1,family:Scarabaeidae,,429,null,1548,0.0,111.0,34.03,26.0,null,null,null,null,null,null
BBIOP2269-24_r_1_s_50_BBIOP2269-24,BBIOP2269-24,r_1_s_50,>BBIOP2269-24_r_1_s_50_BBIOP2269-24,1720622,WJR82112.1,genus:Amphimallon,,5769,null,1533,59.0,705.0,192.56,166.0,null,null,null,null,null,null
BBIOP2233-24_r_1.5_s_100_BBIOP2233-24,BBIOP2233-24,r_1.5_s_100,>BBIOP2233-24_r_1.5_s_100_BBIOP2233-24,702309,AND96251.1,family:Scarabaeidae,,60,null,1548,0.0,16.0,2.85,2.0,null,null,null,null,null,null
BBIOP2221-24_r_1.3_s_100_BBIOP2221-24,BBIOP2221-24,r_1.3_s_100,>BBIOP2221-24_r_1.3_s_100_BBIOP2221-24,702309,AND96251.1,family:Scarabaeidae,,620,null,1548,0.0,97.0,29.96,24.0,null,null,null,null,null,null
BBIOP2187-24_r_1_s_100_BBIOP2187-24,BBIOP2187-24,r_1_s_100,>BBIOP2187-24_r_1_s_100_BBIOP2187-24,166368,XPK45401.1,genus:Gymnopleurus,,11540,null,1542,0.0,1940.0,648.0,473.5,null,null,null,null,null,null
BBIOP2267-24_r_1.3_s_100_BBIOP2267-24,BBIOP2267-24,r_1.3_s_100,>BBIOP2267-24_r_1.3_s_100_BBIOP2267-24,1720622,WJR82112.1,genus:Amphimallon,,2095,null,1533,0.0,319.0,98.43,84.0,null,null,null,null,null,null
BBIOP2261-24_r_1.3_s_50_BBIOP2261-24,BBIOP2261-24,r_1.3_s_50,>BBIOP2261-24_r_1.3_s_50_BBIOP2261-24,1720622,WJR82112.1,genus:Amphimallon,,3420,null,1533,18.0,378.0,122.37,102.0,null,null,null,null,null,null
BBIOP2280-24_r_1.3_s_100_BBIOP2280-24,BBIOP2280-24,r_1.3_s_100,>BBIOP2280-24_r_1.3_s_100_BBIOP2280-24,1971888,XCN33691.1,subfamily:Melolonthinae,,1154,null,1539,0.0,134.0,54.04,50.0,null,null,null,null,null,null
BBIOP2255-24_r_1_s_50_BBIOP2255-24,BBIOP2255-24,r_1_s_50,>BBIOP2255-24_r_1_s_50_BBIOP2255-24,1720622,WJR82112.1,genus:Amphimallon,,2305,null,1533,15.0,259.0,86.14,76.0,null,null,null,null,null,null
BBIOP2245-24_r_1.5_s_50_BBIOP2245-24,BBIOP2245-24,r_1.5_s_50,>BBIOP2245-24_r_1.5_s_50_BBIOP2245-24,1720622,WJR82112.1,genus:Amphimallon,,1877,null,1533,2.0,220.0,85.01,78.0,null,null,null,null,null,null
BBIOP2203-24_r_1.3_s_50_BBIOP2203-24,BBIOP2203-24,r_1.3_s_50,>BBIOP2203-24_r_1.3_s_50_BBIOP2203-24,1541080,AND96251.1,genus:Onthophagus,,337,null,1548,0.0,107.0,12.43,4.0,null,null,null,null,null,null
BBIOP2223-24_r_1.3_s_50_BBIOP2223-24,BBIOP2223-24,r_1.3_s_50,>BBIOP2223-24_r_1.3_s_50_BBIOP2223-24,702309,AND96251.1,family:Scarabaeidae,,1183,null,1548,0.0,104.0,41.67,38.0,null,null,null,null,null,null
BBIOP2260-24_r_1_s_50_BBIOP2260-24,BBIOP2260-24,r_1_s_50,>BBIOP2260-24_r_1_s_50_BBIOP2260-24,1720622,WJR82112.1,genus:Amphimallon,,1346,null,1533,2.0,192.0,64.13,63.0,null,null,null,null,null,null
BBIOP2278-24_r_1_s_50_BBIOP2278-24,BBIOP2278-24,r_1_s_50,>BBIOP2278-24_r_1_s_50_BBIOP2278-24,1971888,XCN33691.1,subfamily:Melolonthinae,,2787,null,1539,38.0,243.0,107.57,96.0,null,null,null,null,null,null
BBIOP2274-24_r_1_s_100_BBIOP2274-24,BBIOP2274-24,r_1_s_100,>BBIOP2274-24_r_1_s_100_BBIOP2274-24,1971888,XCN33691.1,subfamily:Melolonthinae,,505,null,1539,0.0,72.0,32.0,28.0,null,null,null,null,null,null
BBIOP2246-24_r_1.5_s_100_BBIOP2246-24,BBIOP2246-24,r_1.5_s_100,>BBIOP2246-24_r_1.5_s_100_BBIOP2246-24,1720622,WJR82112.1,genus:Amphimallon,,771,null,1533,4.0,118.0,41.47,39.0,null,null,null,null,null,null
BBIOP2226-24_r_1.3_s_50_BBIOP2226-24,BBIOP2226-24,r_1.3_s_50,>BBIOP2226-24_r_1.3_s_50_BBIOP2226-24,702309,AND96251.1,family:Scarabaeidae,,278,null,1548,0.0,109.0,14.39,4.0,null,null,null,null,null,null
BBIOP2272-24_r_1.5_s_100_BBIOP2272-24,BBIOP2272-24,r_1.5_s_100,>BBIOP2272-24_r_1.5_s_100_BBIOP2272-24,1971888,XCN33691.1,subfamily:Melolonthinae,,43,null,1539,0.0,36.0,2.78,0.0,null,null,null,null,null,null
BBIOP2232-24_r_1.3_s_100_BBIOP2232-24,BBIOP2232-24,r_1.3_s_100,>BBIOP2232-24_r_1.3_s_100_BBIOP2232-24,702309,AND96251.1,family:Scarabaeidae,,718,null,1548,0.0,88.0,40.44,42.0,null,null,null,null,null,null
BBIOP2234-24_r_1.5_s_50_BBIOP2234-24,BBIOP2234-24,r_1.5_s_50,>BBIOP2234-24_r_1.5_s_50_BBIOP2234-24,702309,AND96251.1,family:Scarabaeidae,,16,null,1548,0.0,7.0,0.7,0.0,null,null,null,null,null,null
BBIOP2262-24_r_1_s_50_BBIOP2262-24,BBIOP2262-24,r_1_s_50,>BBIOP2262-24_r_1_s_50_BBIOP2262-24,1720622,WJR82112.1,genus:Amphimallon,,7350,null,1533,116.0,647.0,300.55,276.0,null,null,null,null,null,null
BBIOP2240-24_r_1_s_50_BBIOP2240-24,BBIOP2240-24,r_1_s_50,>BBIOP2240-24_r_1_s_50_BBIOP2240-24,702309,AND96251.1,family:Scarabaeidae,,3391,null,1548,0.0,293.0,124.49,118.0,null,null,null,null,null,null
BBIOP2197-24_r_1.5_s_50_BBIOP2197-24,BBIOP2197-24,r_1.5_s_50,>BBIOP2197-24_r_1.5_s_50_BBIOP2197-24,166365,AND96251.1,tribe:Onthophagini,,5609,null,1548,4.0,578.0,289.45,276.0,null,null,null,null,null,null
BBIOP2193-24_r_1.3_s_100_BBIOP2193-24,BBIOP2193-24,r_1.3_s_100,>BBIOP2193-24_r_1.3_s_100_BBIOP2193-24,166330,AND96329.1,genus:Onitis,,9170,null,1545,0.0,1050.0,434.15,401.0,null,null,null,null,null,null
BBIOP2195-24_r_1.3_s_100_BBIOP2195-24,BBIOP2195-24,r_1.3_s_100,>BBIOP2195-24_r_1.3_s_100_BBIOP2195-24,166346,AND96329.1,genus:Onitis,,1557,null,1545,0.0,280.0,76.17,69.0,null,null,null,null,null,null
BBIOP2190-24_r_1.5_s_50_BBIOP2190-24,BBIOP2190-24,r_1.5_s_50,>BBIOP2190-24_r_1.5_s_50_BBIOP2190-24,166326,AND96368.1,species:Bubas bison,,102,null,1536,0.0,50.0,4.59,0.0,null,null,null,null,null,null
BBIOP2230-24_r_1_s_100_BBIOP2230-24,BBIOP2230-24,r_1_s_100,>BBIOP2230-24_r_1_s_100_BBIOP2230-24,702309,AND96251.1,family:Scarabaeidae,,172,null,1548,0.0,31.0,9.46,9.0,null,null,null,null,null,null
BBIOP2213-24_r_1_s_50_BBIOP2213-24,BBIOP2213-24,r_1_s_50,>BBIOP2213-24_r_1_s_50_BBIOP2213-24,2722830,YP_010631648.1,family:Glaphyridae,,9915,null,1533,10.0,811.0,409.68,377.0,null,null,null,null,null,null
BBIOP2196-24_r_1_s_100_BBIOP2196-24,BBIOP2196-24,r_1_s_100,>BBIOP2196-24_r_1_s_100_BBIOP2196-24,166343,AND96617.1,genus:Euoniticellus,,10203,null,1542,3.0,1474.0,524.22,389.0,null,null,null,null,null,null
BBIOP2224-24_r_1_s_50_BBIOP2224-24,BBIOP2224-24,r_1_s_50,>BBIOP2224-24_r_1_s_50_BBIOP2224-24,702309,AND96251.1,family:Scarabaeidae,,1676,null,1548,0.0,179.0,66.12,61.0,null,null,null,null,null,null
BBIOP2191-24_r_1.3_s_100_BBIOP2191-24,BBIOP2191-24,r_1.3_s_100,>BBIOP2191-24_r_1.3_s_100_BBIOP2191-24,166340,AND96355.1,species:Bubas bubalus,,4564,null,1536,108.0,616.0,291.45,255.0,null,null,null,null,null,null
BBIOP2271-24_r_1_s_50_BBIOP2271-24,BBIOP2271-24,r_1_s_50,>BBIOP2271-24_r_1_s_50_BBIOP2271-24,1720622,WJR82112.1,genus:Amphimallon,,5665,null,1533,53.0,489.0,219.91,202.0,null,null,null,null,null,null
BBIOP2261-24_r_1_s_100_BBIOP2261-24,BBIOP2261-24,r_1_s_100,>BBIOP2261-24_r_1_s_100_BBIOP2261-24,1720622,WJR82112.1,genus:Amphimallon,,1510,null,1533,2.0,290.0,95.67,88.0,null,null,null,null,null,null
BBIOP2223-24_r_1_s_50_BBIOP2223-24,BBIOP2223-24,r_1_s_50,>BBIOP2223-24_r_1_s_50_BBIOP2223-24,702309,AND96251.1,family:Scarabaeidae,,1468,null,1548,0.0,113.0,57.07,57.5,null,null,null,null,null,null
BBIOP2258-24_r_1.5_s_50_BBIOP2258-24,BBIOP2258-24,r_1.5_s_50,>BBIOP2258-24_r_1.5_s_50_BBIOP2258-24,1720622,WJR82112.1,genus:Amphimallon,,1253,null,1533,3.0,145.0,64.54,64.0,null,null,null,null,null,null
BBIOP2253-24_r_1.5_s_100_BBIOP2253-24,BBIOP2253-24,r_1.5_s_100,>BBIOP2253-24_r_1.5_s_100_BBIOP2253-24,1720622,WJR82112.1,genus:Amphimallon,,87,null,1533,0.0,26.0,4.55,4.0,null,null,null,null,null,null
BBIOP2197-24_r_1.3_s_100_BBIOP2197-24,BBIOP2197-24,r_1.3_s_100,>BBIOP2197-24_r_1.3_s_100_BBIOP2197-24,166365,AND96251.1,tribe:Onthophagini,,4404,null,1548,2.0,499.0,258.63,250.5,null,null,null,null,null,null
BBIOP2242-24_r_1.5_s_100_BBIOP2242-24,BBIOP2242-24,r_1.5_s_100,>BBIOP2242-24_r_1.5_s_100_BBIOP2242-24,702309,AND96251.1,family:Scarabaeidae,,3559,null,1548,0.0,463.0,172.22,172.0,null,null,null,null,null,null
BBIOP2214-24_r_1.5_s_100_BBIOP2214-24,BBIOP2214-24,r_1.5_s_100,>BBIOP2214-24_r_1.5_s_100_BBIOP2214-24,702309,AND96251.1,family:Scarabaeidae,,165,null,1548,0.0,65.0,7.53,4.0,null,null,null,null,null,null
BBIOP2190-24_r_1.5_s_100_BBIOP2190-24,BBIOP2190-24,r_1.5_s_100,>BBIOP2190-24_r_1.5_s_100_BBIOP2190-24,166326,AND96368.1,species:Bubas bison,,31,null,1536,0.0,15.0,2.52,0.0,null,null,null,null,null,null
BBIOP2277-24_r_1.5_s_100_BBIOP2277-24,BBIOP2277-24,r_1.5_s_100,>BBIOP2277-24_r_1.5_s_100_BBIOP2277-24,1971888,XCN33691.1,subfamily:Melolonthinae,,55,null,1539,0.0,34.0,2.73,0.0,null,null,null,null,null,null
BBIOP2235-24_r_1_s_100_BBIOP2235-24,BBIOP2235-24,r_1_s_100,>BBIOP2235-24_r_1_s_100_BBIOP2235-24,702309,AND96251.1,family:Scarabaeidae,,683,null,1548,0.0,76.0,37.13,39.0,null,null,null,null,null,null
BBIOP2245-24_r_1.5_s_100_BBIOP2245-24,BBIOP2245-24,r_1.5_s_100,>BBIOP2245-24_r_1.5_s_100_BBIOP2245-24,1720622,WJR82112.1,genus:Amphimallon,,1142,null,1533,2.0,184.0,62.89,57.0,null,null,null,null,null,null
BBIOP2229-24_r_1.3_s_100_BBIOP2229-24,BBIOP2229-24,r_1.3_s_100,>BBIOP2229-24_r_1.3_s_100_BBIOP2229-24,702309,AND96251.1,family:Scarabaeidae,,127,null,1548,0.0,18.0,5.87,6.0,null,null,null,null,null,null
BBIOP2256-24_r_1.5_s_50_BBIOP2256-24,BBIOP2256-24,r_1.5_s_50,>BBIOP2256-24_r_1.5_s_50_BBIOP2256-24,1720622,WJR82112.1,genus:Amphimallon,,164,null,1533,0.0,25.0,5.52,4.0,null,null,null,null,null,null
BBIOP2268-24_r_1.5_s_50_BBIOP2268-24,BBIOP2268-24,r_1.5_s_50,>BBIOP2268-24_r_1.5_s_50_BBIOP2268-24,1720622,WJR82112.1,genus:Amphimallon,,345769,null,1533,272.0,24005.0,12967.54,12881.0,null,null,null,null,null,null
BBIOP2278-24_r_1.5_s_50_BBIOP2278-24,BBIOP2278-24,r_1.5_s_50,>BBIOP2278-24_r_1.5_s_50_BBIOP2278-24,1971888,XCN33691.1,subfamily:Melolonthinae,,2218,null,1539,34.0,184.0,85.81,82.0,null,null,null,null,null,null
BBIOP2199-24_r_1.5_s_50_BBIOP2199-24,BBIOP2199-24,r_1.5_s_50,>BBIOP2199-24_r_1.5_s_50_BBIOP2199-24,166332,AND96251.1,genus:Onthophagus,,3723,null,1548,0.0,507.0,232.4,186.0,null,null,null,null,null,null
BBIOP2204-24_r_1_s_50_BBIOP2204-24,BBIOP2204-24,r_1_s_50,>BBIOP2204-24_r_1_s_50_BBIOP2204-24,1541080,AND96251.1,genus:Onthophagus,,223,null,1548,0.0,44.0,13.24,11.0,null,null,null,null,null,null
BBIOP2195-24_r_1.5_s_50_BBIOP2195-24,BBIOP2195-24,r_1.5_s_50,>BBIOP2195-24_r_1.5_s_50_BBIOP2195-24,166346,AND96329.1,genus:Onitis,,3799,null,1545,0.0,342.0,134.31,134.0,null,null,null,null,null,null
BBIOP2248-24_r_1.5_s_100_BBIOP2248-24,BBIOP2248-24,r_1.5_s_100,>BBIOP2248-24_r_1.5_s_100_BBIOP2248-24,1720622,WJR82112.1,genus:Amphimallon,,190,null,1533,0.0,32.0,8.9,6.0,null,null,null,null,null,null
BBIOP2233-24_r_1_s_100_BBIOP2233-24,BBIOP2233-24,r_1_s_100,>BBIOP2233-24_r_1_s_100_BBIOP2233-24,702309,AND96251.1,family:Scarabaeidae,,83,null,1548,0.0,24.0,4.35,2.0,null,null,null,null,null,null
BBIOP2217-24_r_1.5_s_50_BBIOP2217-24,BBIOP2217-24,r_1.5_s_50,>BBIOP2217-24_r_1.5_s_50_BBIOP2217-24,702309,AND96251.1,family:Scarabaeidae,,944,null,1548,0.0,104.0,34.86,34.0,null,null,null,null,null,null
BBIOP2244-24_r_1.3_s_50_BBIOP2244-24,BBIOP2244-24,r_1.3_s_50,>BBIOP2244-24_r_1.3_s_50_BBIOP2244-24,702309,AND96251.1,family:Scarabaeidae,,912,null,1548,0.0,92.0,32.29,32.0,null,null,null,null,null,null
BBIOP2280-24_r_1.5_s_100_BBIOP2280-24,BBIOP2280-24,r_1.5_s_100,>BBIOP2280-24_r_1.5_s_100_BBIOP2280-24,1971888,XCN33691.1,subfamily:Melolonthinae,,1114,null,1539,0.0,128.0,51.55,50.0,null,null,null,null,null,null
BBIOP2231-24_r_1_s_100_BBIOP2231-24,BBIOP2231-24,r_1_s_100,>BBIOP2231-24_r_1_s_100_BBIOP2231-24,702309,AND96251.1,family:Scarabaeidae,,971,null,1548,0.0,118.0,54.47,53.0,null,null,null,null,null,null
BBIOP2207-24_r_1.3_s_50_BBIOP2207-24,BBIOP2207-24,r_1.3_s_50,>BBIOP2207-24_r_1.3_s_50_BBIOP2207-24,476056,AND96251.1,genus:Onthophagus,,589,null,1548,0.0,62.0,26.3,26.0,null,null,null,null,null,null
BBIOP2271-24_r_1.3_s_50_BBIOP2271-24,BBIOP2271-24,r_1.3_s_50,>BBIOP2271-24_r_1.3_s_50_BBIOP2271-24,1720622,WJR82112.1,genus:Amphimallon,,4704,null,1533,22.0,439.0,166.16,147.0,null,null,null,null,null,null
BBIOP2218-24_r_1_s_100_BBIOP2218-24,BBIOP2218-24,r_1_s_100,>BBIOP2218-24_r_1_s_100_BBIOP2218-24,702309,AND96251.1,family:Scarabaeidae,,475,null,1548,0.0,85.0,23.12,19.0,null,null,null,null,null,null
BBIOP2229-24_r_1.5_s_100_BBIOP2229-24,BBIOP2229-24,r_1.5_s_100,>BBIOP2229-24_r_1.5_s_100_BBIOP2229-24,702309,AND96251.1,family:Scarabaeidae,,108,null,1548,0.0,16.0,4.88,4.0,null,null,null,null,null,null
BBIOP2266-24_r_1.5_s_50_BBIOP2266-24,BBIOP2266-24,r_1.5_s_50,>BBIOP2266-24_r_1.5_s_50_BBIOP2266-24,1720622,WJR82112.1,genus:Amphimallon,,3508,null,1533,21.0,282.0,154.17,157.0,null,null,null,null,null,null
BBIOP2240-24_r_1.3_s_50_BBIOP2240-24,BBIOP2240-24,r_1.3_s_50,>BBIOP2240-24_r_1.3_s_50_BBIOP2240-24,702309,AND96251.1,family:Scarabaeidae,,3066,null,1548,0.0,293.0,109.66,98.0,null,null,null,null,null,null
BBIOP2274-24_r_1.5_s_100_BBIOP2274-24,BBIOP2274-24,r_1.5_s_100,>BBIOP2274-24_r_1.5_s_100_BBIOP2274-24,1971888,XCN33691.1,subfamily:Melolonthinae,,269,null,1539,0.0,36.0,12.19,12.0,null,null,null,null,null,null
BBIOP2257-24_r_1.5_s_50_BBIOP2257-24,BBIOP2257-24,r_1.5_s_50,>BBIOP2257-24_r_1.5_s_50_BBIOP2257-24,1720622,WJR82112.1,genus:Amphimallon,,2328,null,1533,0.0,341.0,71.24,54.0,null,null,null,null,null,null
BBIOP2233-24_r_1.3_s_50_BBIOP2233-24,BBIOP2233-24,r_1.3_s_50,>BBIOP2233-24_r_1.3_s_50_BBIOP2233-24,702309,AND96251.1,family:Scarabaeidae,,487,null,1548,0.0,44.0,15.74,14.0,null,null,null,null,null,null
BBIOP2256-24_r_1.5_s_100_BBIOP2256-24,BBIOP2256-24,r_1.5_s_100,>BBIOP2256-24_r_1.5_s_100_BBIOP2256-24,1720622,WJR82112.1,genus:Amphimallon,,31,null,1533,0.0,12.0,1.64,0.0,null,null,null,null,null,null
BBIOP2277-24_r_1.5_s_50_BBIOP2277-24,BBIOP2277-24,r_1.5_s_50,>BBIOP2277-24_r_1.5_s_50_BBIOP2277-24,1971888,XCN33691.1,subfamily:Melolonthinae,,125,null,1539,0.0,36.0,4.76,3.0,null,null,null,null,null,null
BBIOP2227-24_r_1.5_s_50_BBIOP2227-24,BBIOP2227-24,r_1.5_s_50,>BBIOP2227-24_r_1.5_s_50_BBIOP2227-24,702309,AND96251.1,family:Scarabaeidae,,247,null,1548,0.0,58.0,6.96,2.0,null,null,null,null,null,null
BBIOP2273-24_r_1.5_s_50_BBIOP2273-24,BBIOP2273-24,r_1.5_s_50,>BBIOP2273-24_r_1.5_s_50_BBIOP2273-24,1971888,XCN33691.1,subfamily:Melolonthinae,,262,null,1539,0.0,83.0,8.04,4.0,null,null,null,null,null,null
BBIOP2220-24_r_1_s_100_BBIOP2220-24,BBIOP2220-24,r_1_s_100,>BBIOP2220-24_r_1_s_100_BBIOP2220-24,702309,AND96251.1,family:Scarabaeidae,,218,null,1548,0.0,33.0,11.7,10.0,null,null,null,null,null,null
BBIOP2214-24_r_1.5_s_50_BBIOP2214-24,BBIOP2214-24,r_1.5_s_50,>BBIOP2214-24_r_1.5_s_50_BBIOP2214-24,702309,AND96251.1,family:Scarabaeidae,,946,null,1548,0.0,125.0,29.73,24.0,null,null,null,null,null,null
BBIOP2249-24_r_1.5_s_100_BBIOP2249-24,BBIOP2249-24,r_1.5_s_100,>BBIOP2249-24_r_1.5_s_100_BBIOP2249-24,1720622,WJR82112.1,genus:Amphimallon,,125,null,1533,0.0,24.0,6.1,4.0,null,null,null,null,null,null
BBIOP2221-24_r_1.5_s_100_BBIOP2221-24,BBIOP2221-24,r_1.5_s_100,>BBIOP2221-24_r_1.5_s_100_BBIOP2221-24,702309,AND96251.1,family:Scarabaeidae,,552,null,1548,0.0,94.0,26.24,20.0,null,null,null,null,null,null
BBIOP2218-24_r_1.3_s_50_BBIOP2218-24,BBIOP2218-24,r_1.3_s_50,>BBIOP2218-24_r_1.3_s_50_BBIOP2218-24,702309,AND96251.1,family:Scarabaeidae,,1658,null,1548,0.0,178.0,57.52,48.0,null,null,null,null,null,null
BBIOP2272-24_r_1_s_100_BBIOP2272-24,BBIOP2272-24,r_1_s_100,>BBIOP2272-24_r_1_s_100_BBIOP2272-24,1971888,XCN33691.1,subfamily:Melolonthinae,,216,null,1539,0.0,99.0,16.03,12.0,null,null,null,null,null,null
BBIOP2189-24_r_1.3_s_100_BBIOP2189-24,BBIOP2189-24,r_1.3_s_100,>BBIOP2189-24_r_1.3_s_100_BBIOP2189-24,206731,YP_009729770.1,genus:Copris,,5736,null,1530,222.0,644.0,476.76,493.0,null,null,null,null,null,null
BBIOP2249-24_r_1.3_s_100_BBIOP2249-24,BBIOP2249-24,r_1.3_s_100,>BBIOP2249-24_r_1.3_s_100_BBIOP2249-24,1720622,WJR82112.1,genus:Amphimallon,,147,null,1533,0.0,25.0,7.66,6.0,null,null,null,null,null,null
BBIOP2207-24_r_1.5_s_50_BBIOP2207-24,BBIOP2207-24,r_1.5_s_50,>BBIOP2207-24_r_1.5_s_50_BBIOP2207-24,476056,AND96251.1,genus:Onthophagus,,521,null,1548,0.0,60.0,22.62,21.5,null,null,null,null,null,null
BBIOP2252-24_r_1.5_s_50_BBIOP2252-24,BBIOP2252-24,r_1.5_s_50,>BBIOP2252-24_r_1.5_s_50_BBIOP2252-24,1720622,WJR82112.1,genus:Amphimallon,,4332,null,1533,4.0,457.0,155.06,146.0,null,null,null,null,null,null
BBIOP2188-24_r_1_s_100_BBIOP2188-24,BBIOP2188-24,r_1_s_100,>BBIOP2188-24_r_1_s_100_BBIOP2188-24,166368,XPK45401.1,genus:Gymnopleurus,,635,null,1542,0.0,160.0,46.9,40.0,null,null,null,null,null,null
BBIOP2194-24_r_1.3_s_100_BBIOP2194-24,BBIOP2194-24,r_1.3_s_100,>BBIOP2194-24_r_1.3_s_100_BBIOP2194-24,166346,AND96329.1,genus:Onitis,,2277,null,1545,0.0,433.0,117.6,103.0,null,null,null,null,null,null
BBIOP2238-24_r_1.3_s_50_BBIOP2238-24,BBIOP2238-24,r_1.3_s_50,>BBIOP2238-24_r_1.3_s_50_BBIOP2238-24,702309,AND96251.1,family:Scarabaeidae,,845,null,1548,0.0,114.0,32.39,25.0,null,null,null,null,null,null
BBIOP2269-24_r_1.3_s_100_BBIOP2269-24,BBIOP2269-24,r_1.3_s_100,>BBIOP2269-24_r_1.3_s_100_BBIOP2269-24,1720622,WJR82112.1,genus:Amphimallon,,1294,null,1533,2.0,250.0,60.0,48.0,null,null,null,null,null,null
BBIOP2213-24_r_1.5_s_100_BBIOP2213-24,BBIOP2213-24,r_1.5_s_100,>BBIOP2213-24_r_1.5_s_100_BBIOP2213-24,2722830,YP_010631648.1,family:Glaphyridae,,3610,null,1533,0.0,570.0,182.15,173.0,null,null,null,null,null,null
BBIOP2231-24_r_1.5_s_100_BBIOP2231-24,BBIOP2231-24,r_1.5_s_100,>BBIOP2231-24_r_1.5_s_100_BBIOP2231-24,702309,AND96251.1,family:Scarabaeidae,,813,null,1548,0.0,108.0,42.48,42.0,null,null,null,null,null,null
BBIOP2255-24_r_1.3_s_100_BBIOP2255-24,BBIOP2255-24,r_1.3_s_100,>BBIOP2255-24_r_1.3_s_100_BBIOP2255-24,1720622,WJR82112.1,genus:Amphimallon,,575,null,1533,2.0,135.0,27.17,18.0,null,null,null,null,null,null
BBIOP2215-24_r_1_s_50_BBIOP2215-24,BBIOP2215-24,r_1_s_50,>BBIOP2215-24_r_1_s_50_BBIOP2215-24,702309,AND96251.1,family:Scarabaeidae,,3502,null,1548,0.0,490.0,130.05,118.0,null,null,null,null,null,null
BBIOP2208-24_r_1_s_50_BBIOP2208-24,BBIOP2208-24,r_1_s_50,>BBIOP2208-24_r_1_s_50_BBIOP2208-24,166359,AND96251.1,genus:Onthophagus,,1231,null,1548,0.0,180.0,52.03,43.0,null,null,null,null,null,null
BBIOP2208-24_r_1.5_s_100_BBIOP2208-24,BBIOP2208-24,r_1.5_s_100,>BBIOP2208-24_r_1.5_s_100_BBIOP2208-24,166359,AND96251.1,genus:Onthophagus,,223,null,1548,0.0,42.0,11.94,9.0,null,null,null,null,null,null
BBIOP2277-24_r_1.3_s_50_BBIOP2277-24,BBIOP2277-24,r_1.3_s_50,>BBIOP2277-24_r_1.3_s_50_BBIOP2277-24,1971888,XCN33691.1,subfamily:Melolonthinae,,187,null,1539,0.0,54.0,8.65,6.0,null,null,null,null,null,null
BBIOP2210-24_r_1.5_s_100_BBIOP2210-24,BBIOP2210-24,r_1.5_s_100,>BBIOP2210-24_r_1.5_s_100_BBIOP2210-24,2722828,YP_010631648.1,family:Glaphyridae,,2077,null,1533,0.0,275.0,106.68,114.0,null,null,null,null,null,null
BBIOP2226-24_r_1.5_s_100_BBIOP2226-24,BBIOP2226-24,r_1.5_s_100,>BBIOP2226-24_r_1.5_s_100_BBIOP2226-24,702309,AND96251.1,family:Scarabaeidae,,8,null,1548,0.0,8.0,0.45,0.0,null,null,null,null,null,null
BBIOP2273-24_r_1_s_100_BBIOP2273-24,BBIOP2273-24,r_1_s_100,>BBIOP2273-24_r_1_s_100_BBIOP2273-24,1971888,XCN33691.1,subfamily:Melolonthinae,,472,null,1539,0.0,119.0,36.8,28.0,null,null,null,null,null,null
BBIOP2208-24_r_1_s_100_BBIOP2208-24,BBIOP2208-24,r_1_s_100,>BBIOP2208-24_r_1_s_100_BBIOP2208-24,166359,AND96251.1,genus:Onthophagus,,387,null,1548,0.0,58.0,23.8,22.0,null,null,null,null,null,null
BBIOP2201-24_r_1.5_s_50_BBIOP2201-24,BBIOP2201-24,r_1.5_s_50,>BBIOP2201-24_r_1.5_s_50_BBIOP2201-24,166350,AND96251.1,genus:Onthophagus,,9343,null,1548,0.0,4355.0,417.84,234.0,null,null,null,null,null,null
BBIOP2192-24_r_1.3_s_100_BBIOP2192-24,BBIOP2192-24,r_1.3_s_100,>BBIOP2192-24_r_1.3_s_100_BBIOP2192-24,166330,AND96329.1,genus:Onitis,,301,null,1545,0.0,70.0,18.77,14.0,null,null,null,null,null,null
BBIOP2273-24_r_1.3_s_100_BBIOP2273-24,BBIOP2273-24,r_1.3_s_100,>BBIOP2273-24_r_1.3_s_100_BBIOP2273-24,1971888,XCN33691.1,subfamily:Melolonthinae,,138,null,1539,0.0,77.0,9.14,2.0,null,null,null,null,null,null
BBIOP2208-24_r_1.3_s_100_BBIOP2208-24,BBIOP2208-24,r_1.3_s_100,>BBIOP2208-24_r_1.3_s_100_BBIOP2208-24,166359,AND96251.1,genus:Onthophagus,,297,null,1548,0.0,46.0,16.47,14.0,null,null,null,null,null,null
BBIOP2186-24_r_1.3_s_50_BBIOP2186-24,BBIOP2186-24,r_1.3_s_50,>BBIOP2186-24_r_1.3_s_50_BBIOP2186-24,1172027,AND96251.1,subfamily:Scarabaeinae,,4395,null,1548,0.0,466.0,150.91,139.0,null,null,null,null,null,null
BBIOP2263-24_r_1.5_s_100_BBIOP2263-24,BBIOP2263-24,r_1.5_s_100,>BBIOP2263-24_r_1.5_s_100_BBIOP2263-24,1720622,WJR82112.1,genus:Amphimallon,,496,null,1533,0.0,161.0,32.49,18.0,null,null,null,null,null,null
BBIOP2240-24_r_1.3_s_100_BBIOP2240-24,BBIOP2240-24,r_1.3_s_100,>BBIOP2240-24_r_1.3_s_100_BBIOP2240-24,702309,AND96251.1,family:Scarabaeidae,,908,null,1548,0.0,145.0,44.52,38.0,null,null,null,null,null,null
BBIOP2262-24_r_1.3_s_100_BBIOP2262-24,BBIOP2262-24,r_1.3_s_100,>BBIOP2262-24_r_1.3_s_100_BBIOP2262-24,1720622,WJR82112.1,genus:Amphimallon,,3256,null,1533,30.0,504.0,169.97,145.0,null,null,null,null,null,null
BBIOP2236-24_r_1.3_s_50_BBIOP2236-24,BBIOP2236-24,r_1.3_s_50,>BBIOP2236-24_r_1.3_s_50_BBIOP2236-24,702309,AND96251.1,family:Scarabaeidae,,1256,null,1548,0.0,125.0,43.59,40.0,null,null,null,null,null,null
BBIOP2188-24_r_1.5_s_100_BBIOP2188-24,BBIOP2188-24,r_1.5_s_100,>BBIOP2188-24_r_1.5_s_100_BBIOP2188-24,166368,XPK45401.1,genus:Gymnopleurus,,191,null,1542,0.0,42.0,9.47,9.0,null,null,null,null,null,null
BBIOP2200-24_r_1.3_s_50_BBIOP2200-24,BBIOP2200-24,r_1.3_s_50,>BBIOP2200-24_r_1.3_s_50_BBIOP2200-24,166332,AND96251.1,genus:Onthophagus,,1730,null,1548,8.0,295.0,76.38,49.0,null,null,null,null,null,null
BBIOP2255-24_r_1.5_s_50_BBIOP2255-24,BBIOP2255-24,r_1.5_s_50,>BBIOP2255-24_r_1.5_s_50_BBIOP2255-24,1720622,WJR82112.1,genus:Amphimallon,,1807,null,1533,0.0,222.0,61.84,53.0,null,null,null,null,null,null
BBIOP2213-24_r_1.5_s_50_BBIOP2213-24,BBIOP2213-24,r_1.5_s_50,>BBIOP2213-24_r_1.5_s_50_BBIOP2213-24,2722830,YP_010631648.1,family:Glaphyridae,,7055,null,1533,0.0,768.0,288.48,296.0,null,null,null,null,null,null
BBIOP2190-24_r_1_s_100_BBIOP2190-24,BBIOP2190-24,r_1_s_100,>BBIOP2190-24_r_1_s_100_BBIOP2190-24,166326,AND96368.1,species:Bubas bison,,357,null,1536,0.0,82.0,30.53,31.0,null,null,null,null,null,null
BBIOP2191-24_r_1.5_s_50_BBIOP2191-24,BBIOP2191-24,r_1.5_s_50,>BBIOP2191-24_r_1.5_s_50_BBIOP2191-24,166340,AND96355.1,species:Bubas bubalus,,5741,null,1536,126.0,664.0,325.69,295.0,null,null,null,null,null,null
BBIOP2210-24_r_1_s_100_BBIOP2210-24,BBIOP2210-24,r_1_s_100,>BBIOP2210-24_r_1_s_100_BBIOP2210-24,2722828,YP_010631648.1,family:Glaphyridae,,2888,null,1533,0.0,352.0,165.58,158.0,null,null,null,null,null,null
BBIOP2247-24_r_1.3_s_100_BBIOP2247-24,BBIOP2247-24,r_1.3_s_100,>BBIOP2247-24_r_1.3_s_100_BBIOP2247-24,1720622,WJR82112.1,genus:Amphimallon,,10087,null,1533,260.0,1113.0,623.84,616.0,null,null,null,null,null,null
BBIOP2250-24_r_1.5_s_100_BBIOP2250-24,BBIOP2250-24,r_1.5_s_100,>BBIOP2250-24_r_1.5_s_100_BBIOP2250-24,1720622,WJR82112.1,genus:Amphimallon,,76,null,1533,0.0,18.0,3.83,2.0,null,null,null,null,null,null
BBIOP2265-24_r_1_s_50_BBIOP2265-24,BBIOP2265-24,r_1_s_50,>BBIOP2265-24_r_1_s_50_BBIOP2265-24,1720622,WJR82112.1,genus:Amphimallon,,4695,null,1533,30.0,360.0,177.82,179.0,null,null,null,null,null,null
BBIOP2189-24_r_1.5_s_50_BBIOP2189-24,BBIOP2189-24,r_1.5_s_50,>BBIOP2189-24_r_1.5_s_50_BBIOP2189-24,206731,YP_009729770.1,genus:Copris,,6078,null,1530,320.0,651.0,483.66,496.0,null,null,null,null,null,null
BBIOP2197-24_r_1.3_s_50_BBIOP2197-24,BBIOP2197-24,r_1.3_s_50,>BBIOP2197-24_r_1.3_s_50_BBIOP2197-24,166365,AND96251.1,tribe:Onthophagini,,6098,null,1548,4.0,586.0,312.75,308.0,null,null,null,null,null,null
BBIOP2279-24_r_1.3_s_50_BBIOP2279-24,BBIOP2279-24,r_1.3_s_50,>BBIOP2279-24_r_1.3_s_50_BBIOP2279-24,1971888,XCN33691.1,subfamily:Melolonthinae,,821,null,1539,0.0,121.0,31.82,24.0,null,null,null,null,null,null
BBIOP2205-24_r_1_s_100_BBIOP2205-24,BBIOP2205-24,r_1_s_100,>BBIOP2205-24_r_1_s_100_BBIOP2205-24,166353,AND96251.1,genus:Onthophagus,,174,null,1548,0.0,50.0,14.71,12.0,null,null,null,null,null,null
BBIOP2253-24_r_1.3_s_100_BBIOP2253-24,BBIOP2253-24,r_1.3_s_100,>BBIOP2253-24_r_1.3_s_100_BBIOP2253-24,1720622,WJR82112.1,genus:Amphimallon,,145,null,1533,0.0,44.0,9.08,6.0,null,null,null,null,null,null
BBIOP2275-24_r_1_s_100_BBIOP2275-24,BBIOP2275-24,r_1_s_100,>BBIOP2275-24_r_1_s_100_BBIOP2275-24,1971888,XCN33691.1,subfamily:Melolonthinae,,1224,null,1539,0.0,204.0,69.4,61.0,null,null,null,null,null,null
BBIOP2234-24_r_1_s_100_BBIOP2234-24,BBIOP2234-24,r_1_s_100,>BBIOP2234-24_r_1_s_100_BBIOP2234-24,702309,AND96251.1,family:Scarabaeidae,,47,null,1548,0.0,23.0,4.27,3.0,null,null,null,null,null,null
BBIOP2215-24_r_1_s_100_BBIOP2215-24,BBIOP2215-24,r_1_s_100,>BBIOP2215-24_r_1_s_100_BBIOP2215-24,702309,AND96251.1,family:Scarabaeidae,,1169,null,1548,0.0,239.0,57.56,48.0,null,null,null,null,null,null
BBIOP2244-24_r_1.3_s_100_BBIOP2244-24,BBIOP2244-24,r_1.3_s_100,>BBIOP2244-24_r_1.3_s_100_BBIOP2244-24,702309,AND96251.1,family:Scarabaeidae,,257,null,1548,0.0,50.0,12.76,10.0,null,null,null,null,null,null
BBIOP2218-24_r_1.5_s_100_BBIOP2218-24,BBIOP2218-24,r_1.5_s_100,>BBIOP2218-24_r_1.5_s_100_BBIOP2218-24,702309,AND96251.1,family:Scarabaeidae,,378,null,1548,0.0,83.0,17.11,10.0,null,null,null,null,null,null
BBIOP2186-24_r_1.3_s_100_BBIOP2186-24,BBIOP2186-24,r_1.3_s_100,>BBIOP2186-24_r_1.3_s_100_BBIOP2186-24,1172027,AND96251.1,subfamily:Scarabaeinae,,979,null,1548,0.0,142.0,47.95,46.0,null,null,null,null,null,null
BBIOP2243-24_r_1.5_s_100_BBIOP2243-24,BBIOP2243-24,r_1.5_s_100,>BBIOP2243-24_r_1.5_s_100_BBIOP2243-24,702309,AND96251.1,family:Scarabaeidae,,114397,null,1548,0.0,12412.0,5869.14,5975.0,null,null,null,null,null,null
BBIOP2236-24_r_1.5_s_50_BBIOP2236-24,BBIOP2236-24,r_1.5_s_50,>BBIOP2236-24_r_1.5_s_50_BBIOP2236-24,702309,AND96251.1,family:Scarabaeidae,,894,null,1548,0.0,86.0,30.38,30.0,null,null,null,null,null,null
BBIOP2204-24_r_1.3_s_100_BBIOP2204-24,BBIOP2204-24,r_1.3_s_100,>BBIOP2204-24_r_1.3_s_100_BBIOP2204-24,1541080,AND96251.1,genus:Onthophagus,,22,null,1548,0.0,10.0,1.76,0.0,null,null,null,null,null,null
BBIOP2214-24_r_1_s_100_BBIOP2214-24,BBIOP2214-24,r_1_s_100,>BBIOP2214-24_r_1_s_100_BBIOP2214-24,702309,AND96251.1,family:Scarabaeidae,,357,null,1548,0.0,108.0,23.03,20.0,null,null,null,null,null,null
BBIOP2231-24_r_1.5_s_50_BBIOP2231-24,BBIOP2231-24,r_1.5_s_50,>BBIOP2231-24_r_1.5_s_50_BBIOP2231-24,702309,AND96251.1,family:Scarabaeidae,,1379,null,1548,0.0,135.0,59.04,59.0,null,null,null,null,null,null
BBIOP2214-24_r_1.3_s_100_BBIOP2214-24,BBIOP2214-24,r_1.3_s_100,>BBIOP2214-24_r_1.3_s_100_BBIOP2214-24,702309,AND96251.1,family:Scarabaeidae,,201,null,1548,0.0,80.0,10.52,6.0,null,null,null,null,null,null
BBIOP2213-24_r_1.3_s_100_BBIOP2213-24,BBIOP2213-24,r_1.3_s_100,>BBIOP2213-24_r_1.3_s_100_BBIOP2213-24,2722830,YP_010631648.1,family:Glaphyridae,,4116,null,1533,0.0,581.0,211.09,200.0,null,null,null,null,null,null
BBIOP2247-24_r_1.3_s_50_BBIOP2247-24,BBIOP2247-24,r_1.3_s_50,>BBIOP2247-24_r_1.3_s_50_BBIOP2247-24,1720622,WJR82112.1,genus:Amphimallon,,13876,null,1533,296.0,1252.0,743.02,746.0,null,null,null,null,null,null
BBIOP2232-24_r_1.5_s_50_BBIOP2232-24,BBIOP2232-24,r_1.5_s_50,>BBIOP2232-24_r_1.5_s_50_BBIOP2232-24,702309,AND96251.1,family:Scarabaeidae,,1079,null,1548,0.0,104.0,48.51,51.0,null,null,null,null,null,null
BBIOP2186-24_r_1_s_100_BBIOP2186-24,BBIOP2186-24,r_1_s_100,>BBIOP2186-24_r_1_s_100_BBIOP2186-24,1172027,AND96251.1,subfamily:Scarabaeinae,,1285,null,1548,0.0,175.0,73.27,72.0,null,null,null,null,null,null
BBIOP2228-24_r_1.3_s_50_BBIOP2228-24,BBIOP2228-24,r_1.3_s_50,>BBIOP2228-24_r_1.3_s_50_BBIOP2228-24,702309,AND96251.1,family:Scarabaeidae,,370,null,1548,0.0,84.0,14.42,8.0,null,null,null,null,null,null
BBIOP2195-24_r_1_s_50_BBIOP2195-24,BBIOP2195-24,r_1_s_50,>BBIOP2195-24_r_1_s_50_BBIOP2195-24,166346,AND96329.1,genus:Onitis,,5413,null,1545,2.0,490.0,214.52,208.0,null,null,null,null,null,null
BBIOP2258-24_r_1.3_s_50_BBIOP2258-24,BBIOP2258-24,r_1.3_s_50,>BBIOP2258-24_r_1.3_s_50_BBIOP2258-24,1720622,WJR82112.1,genus:Amphimallon,,1892,null,1533,9.0,201.0,106.28,112.0,null,null,null,null,null,null
BBIOP2267-24_r_1_s_100_BBIOP2267-24,BBIOP2267-24,r_1_s_100,>BBIOP2267-24_r_1_s_100_BBIOP2267-24,1720622,WJR82112.1,genus:Amphimallon,,2450,null,1533,2.0,366.0,129.85,123.0,null,null,null,null,null,null
BBIOP2273-24_r_1_s_50_BBIOP2273-24,BBIOP2273-24,r_1_s_50,>BBIOP2273-24_r_1_s_50_BBIOP2273-24,1971888,XCN33691.1,subfamily:Melolonthinae,,937,null,1539,0.0,161.0,51.67,49.0,null,null,null,null,null,null
BBIOP2234-24_r_1.5_s_100_BBIOP2234-24,BBIOP2234-24,r_1.5_s_100,>BBIOP2234-24_r_1.5_s_100_BBIOP2234-24,702309,AND96251.1,family:Scarabaeidae,,3,null,1548,0.0,3.0,0.29,0.0,null,null,null,null,null,null
BBIOP2246-24_r_1.5_s_50_BBIOP2246-24,BBIOP2246-24,r_1.5_s_50,>BBIOP2246-24_r_1.5_s_50_BBIOP2246-24,1720622,WJR82112.1,genus:Amphimallon,,1334,null,1533,6.0,141.0,58.66,53.0,null,null,null,null,null,null
BBIOP2280-24_r_1.3_s_50_BBIOP2280-24,BBIOP2280-24,r_1.3_s_50,>BBIOP2280-24_r_1.3_s_50_BBIOP2280-24,1971888,XCN33691.1,subfamily:Melolonthinae,,4158,null,1539,0.0,720.0,142.76,118.0,null,null,null,null,null,null
BBIOP2188-24_r_1_s_50_BBIOP2188-24,BBIOP2188-24,r_1_s_50,>BBIOP2188-24_r_1_s_50_BBIOP2188-24,166368,XPK45401.1,genus:Gymnopleurus,,1559,null,1542,0.0,281.0,75.77,64.0,null,null,null,null,null,null
BBIOP2268-24_r_1.5_s_100_BBIOP2268-24,BBIOP2268-24,r_1.5_s_100,>BBIOP2268-24_r_1.5_s_100_BBIOP2268-24,1720622,WJR82112.1,genus:Amphimallon,,139578,null,1533,271.0,11981.0,6835.15,6474.0,null,null,null,null,null,null
BBIOP2280-24_r_1_s_50_BBIOP2280-24,BBIOP2280-24,r_1_s_50,>BBIOP2280-24_r_1_s_50_BBIOP2280-24,1971888,XCN33691.1,subfamily:Melolonthinae,,4264,null,1539,0.0,726.0,147.74,125.0,null,null,null,null,null,null
BBIOP2195-24_r_1.5_s_100_BBIOP2195-24,BBIOP2195-24,r_1.5_s_100,>BBIOP2195-24_r_1.5_s_100_BBIOP2195-24,166346,AND96329.1,genus:Onitis,,1385,null,1545,0.0,250.0,65.1,62.0,null,null,null,null,null,null
BBIOP2230-24_r_1.3_s_100_BBIOP2230-24,BBIOP2230-24,r_1.3_s_100,>BBIOP2230-24_r_1.3_s_100_BBIOP2230-24,702309,AND96251.1,family:Scarabaeidae,,135,null,1548,0.0,18.0,6.53,6.0,null,null,null,null,null,null
BBIOP2237-24_r_1.5_s_50_BBIOP2237-24,BBIOP2237-24,r_1.5_s_50,>BBIOP2237-24_r_1.5_s_50_BBIOP2237-24,702309,AND96251.1,family:Scarabaeidae,,1299,null,1548,0.0,112.0,41.64,39.0,null,null,null,null,null,null
BBIOP2265-24_r_1.5_s_100_BBIOP2265-24,BBIOP2265-24,r_1.5_s_100,>BBIOP2265-24_r_1.5_s_100_BBIOP2265-24,1720622,WJR82112.1,genus:Amphimallon,,867,null,1533,0.0,130.0,40.29,36.0,null,null,null,null,null,null
BBIOP2239-24_r_1.5_s_50_BBIOP2239-24,BBIOP2239-24,r_1.5_s_50,>BBIOP2239-24_r_1.5_s_50_BBIOP2239-24,702309,AND96251.1,family:Scarabaeidae,,77,null,1548,0.0,36.0,2.85,0.0,null,null,null,null,null,null
BBIOP2265-24_r_1.3_s_100_BBIOP2265-24,BBIOP2265-24,r_1.3_s_100,>BBIOP2265-24_r_1.3_s_100_BBIOP2265-24,1720622,WJR82112.1,genus:Amphimallon,,1011,null,1533,6.0,145.0,49.43,44.0,null,null,null,null,null,null
BBIOP2254-24_r_1.5_s_100_BBIOP2254-24,BBIOP2254-24,r_1.5_s_100,>BBIOP2254-24_r_1.5_s_100_BBIOP2254-24,1720622,WJR82112.1,genus:Amphimallon,,258,null,1533,0.0,58.0,11.92,8.0,null,null,null,null,null,null
BBIOP2219-24_r_1.5_s_100_BBIOP2219-24,BBIOP2219-24,r_1.5_s_100,>BBIOP2219-24_r_1.5_s_100_BBIOP2219-24,702309,AND96251.1,family:Scarabaeidae,,450,null,1548,0.0,67.0,22.46,19.0,null,null,null,null,null,null
BBIOP2236-24_r_1.3_s_100_BBIOP2236-24,BBIOP2236-24,r_1.3_s_100,>BBIOP2236-24_r_1.3_s_100_BBIOP2236-24,702309,AND96251.1,family:Scarabaeidae,,348,null,1548,0.0,65.0,17.91,14.5,null,null,null,null,null,null
BBIOP2207-24_r_1_s_50_BBIOP2207-24,BBIOP2207-24,r_1_s_50,>BBIOP2207-24_r_1_s_50_BBIOP2207-24,476056,AND96251.1,genus:Onthophagus,,759,null,1548,0.0,72.0,37.38,37.0,null,null,null,null,null,null
BBIOP2256-24_r_1.3_s_100_BBIOP2256-24,BBIOP2256-24,r_1.3_s_100,>BBIOP2256-24_r_1.3_s_100_BBIOP2256-24,1720622,WJR82112.1,genus:Amphimallon,,74,null,1533,0.0,33.0,5.16,1.0,null,null,null,null,null,null
BBIOP2203-24_r_1_s_50_BBIOP2203-24,BBIOP2203-24,r_1_s_50,>BBIOP2203-24_r_1_s_50_BBIOP2203-24,1541080,AND96251.1,genus:Onthophagus,,785,null,1548,0.0,162.0,36.33,32.0,null,null,null,null,null,null
BBIOP2229-24_r_1.3_s_50_BBIOP2229-24,BBIOP2229-24,r_1.3_s_50,>BBIOP2229-24_r_1.3_s_50_BBIOP2229-24,702309,AND96251.1,family:Scarabaeidae,,482,null,1548,0.0,51.0,16.49,15.0,null,null,null,null,null,null
BBIOP2246-24_r_1_s_50_BBIOP2246-24,BBIOP2246-24,r_1_s_50,>BBIOP2246-24_r_1_s_50_BBIOP2246-24,1720622,WJR82112.1,genus:Amphimallon,,1615,null,1533,30.0,154.0,70.41,62.0,null,null,null,null,null,null
BBIOP2269-24_r_1.5_s_100_BBIOP2269-24,BBIOP2269-24,r_1.5_s_100,>BBIOP2269-24_r_1.5_s_100_BBIOP2269-24,1720622,WJR82112.1,genus:Amphimallon,,1267,null,1533,0.0,246.0,58.58,48.0,null,null,null,null,null,null
BBIOP2243-24_r_1.5_s_50_BBIOP2243-24,BBIOP2243-24,r_1.5_s_50,>BBIOP2243-24_r_1.5_s_50_BBIOP2243-24,702309,AND96251.1,family:Scarabaeidae,,212494,null,1548,0.0,19629.0,8884.36,8591.5,null,null,null,null,null,null
BBIOP2245-24_r_1_s_100_BBIOP2245-24,BBIOP2245-24,r_1_s_100,>BBIOP2245-24_r_1_s_100_BBIOP2245-24,1720622,WJR82112.1,genus:Amphimallon,,1319,null,1533,19.0,184.0,75.02,66.0,null,null,null,null,null,null
BBIOP2219-24_r_1.3_s_100_BBIOP2219-24,BBIOP2219-24,r_1.3_s_100,>BBIOP2219-24_r_1.3_s_100_BBIOP2219-24,702309,AND96251.1,family:Scarabaeidae,,526,null,1548,0.0,85.0,27.06,22.0,null,null,null,null,null,null
BBIOP2203-24_r_1.5_s_100_BBIOP2203-24,BBIOP2203-24,r_1.5_s_100,>BBIOP2203-24_r_1.5_s_100_BBIOP2203-24,1541080,AND96251.1,genus:Onthophagus,,93,null,1548,0.0,48.0,4.12,0.0,null,null,null,null,null,null
BBIOP2253-24_r_1.5_s_50_BBIOP2253-24,BBIOP2253-24,r_1.5_s_50,>BBIOP2253-24_r_1.5_s_50_BBIOP2253-24,1720622,WJR82112.1,genus:Amphimallon,,444,null,1533,0.0,57.0,14.4,10.0,null,null,null,null,null,null
BBIOP2195-24_r_1.3_s_50_BBIOP2195-24,BBIOP2195-24,r_1.3_s_50,>BBIOP2195-24_r_1.3_s_50_BBIOP2195-24,166346,AND96329.1,genus:Onitis,,4493,null,1545,2.0,396.0,162.22,157.0,null,null,null,null,null,null
BBIOP2216-24_r_1.5_s_100_BBIOP2216-24,BBIOP2216-24,r_1.5_s_100,>BBIOP2216-24_r_1.5_s_100_BBIOP2216-24,702309,AND96251.1,family:Scarabaeidae,,165,null,1548,0.0,45.0,8.09,2.0,null,null,null,null,null,null
BBIOP2237-24_r_1_s_50_BBIOP2237-24,BBIOP2237-24,r_1_s_50,>BBIOP2237-24_r_1_s_50_BBIOP2237-24,702309,AND96251.1,family:Scarabaeidae,,1968,null,1548,0.0,165.0,70.1,65.0,null,null,null,null,null,null
BBIOP2204-24_r_1.3_s_50_BBIOP2204-24,BBIOP2204-24,r_1.3_s_50,>BBIOP2204-24_r_1.3_s_50_BBIOP2204-24,1541080,AND96251.1,genus:Onthophagus,,71,null,1548,0.0,26.0,3.34,0.0,null,null,null,null,null,null
BBIOP2257-24_r_1_s_50_BBIOP2257-24,BBIOP2257-24,r_1_s_50,>BBIOP2257-24_r_1_s_50_BBIOP2257-24,1720622,WJR82112.1,genus:Amphimallon,,2902,null,1533,14.0,362.0,101.78,84.0,null,null,null,null,null,null
BBIOP2277-24_r_1_s_100_BBIOP2277-24,BBIOP2277-24,r_1_s_100,>BBIOP2277-24_r_1_s_100_BBIOP2277-24,1971888,XCN33691.1,subfamily:Melolonthinae,,174,null,1539,0.0,62.0,13.04,10.0,null,null,null,null,null,null
BBIOP2244-24_r_1_s_50_BBIOP2244-24,BBIOP2244-24,r_1_s_50,>BBIOP2244-24_r_1_s_50_BBIOP2244-24,702309,AND96251.1,family:Scarabaeidae,,1067,null,1548,0.0,100.0,39.7,38.0,null,null,null,null,null,null
BBIOP2186-24_r_1.5_s_100_BBIOP2186-24,BBIOP2186-24,r_1.5_s_100,>BBIOP2186-24_r_1.5_s_100_BBIOP2186-24,1172027,AND96251.1,subfamily:Scarabaeinae,,846,null,1548,0.0,132.0,38.68,34.0,null,null,null,null,null,null
BBIOP2241-24_r_1.3_s_50_BBIOP2241-24,BBIOP2241-24,r_1.3_s_50,>BBIOP2241-24_r_1.3_s_50_BBIOP2241-24,702309,AND96251.1,family:Scarabaeidae,,500,null,1548,0.0,95.0,19.47,13.0,null,null,null,null,null,null
BBIOP2241-24_r_1.5_s_50_BBIOP2241-24,BBIOP2241-24,r_1.5_s_50,>BBIOP2241-24_r_1.5_s_50_BBIOP2241-24,702309,AND96251.1,family:Scarabaeidae,,333,null,1548,0.0,58.0,11.29,8.0,null,null,null,null,null,null
BBIOP2208-24_r_1.3_s_50_BBIOP2208-24,BBIOP2208-24,r_1.3_s_50,>BBIOP2208-24_r_1.3_s_50_BBIOP2208-24,166359,AND96251.1,genus:Onthophagus,,688,null,1548,0.0,110.0,27.78,22.0,null,null,null,null,null,null
BBIOP2271-24_r_1.3_s_100_BBIOP2271-24,BBIOP2271-24,r_1.3_s_100,>BBIOP2271-24_r_1.3_s_100_BBIOP2271-24,1720622,WJR82112.1,genus:Amphimallon,,1201,null,1533,10.0,161.0,61.11,46.0,null,null,null,null,null,null
BBIOP2235-24_r_1.3_s_100_BBIOP2235-24,BBIOP2235-24,r_1.3_s_100,>BBIOP2235-24_r_1.3_s_100_BBIOP2235-24,702309,AND96251.1,family:Scarabaeidae,,587,null,1548,0.0,70.0,28.94,30.0,null,null,null,null,null,null
BBIOP2230-24_r_1.5_s_50_BBIOP2230-24,BBIOP2230-24,r_1.5_s_50,>BBIOP2230-24_r_1.5_s_50_BBIOP2230-24,702309,AND96251.1,family:Scarabaeidae,,321,null,1548,0.0,35.0,11.32,10.0,null,null,null,null,null,null
BBIOP2245-24_r_1.3_s_100_BBIOP2245-24,BBIOP2245-24,r_1.3_s_100,>BBIOP2245-24_r_1.3_s_100_BBIOP2245-24,1720622,WJR82112.1,genus:Amphimallon,,1248,null,1533,19.0,184.0,69.29,61.0,null,null,null,null,null,null
BBIOP2212-24_r_1_s_50_BBIOP2212-24,BBIOP2212-24,r_1_s_50,>BBIOP2212-24_r_1_s_50_BBIOP2212-24,2722830,YP_010631648.1,family:Glaphyridae,,1665,null,1533,0.0,185.0,66.33,58.0,null,null,null,null,null,null
BBIOP2207-24_r_1_s_100_BBIOP2207-24,BBIOP2207-24,r_1_s_100,>BBIOP2207-24_r_1_s_100_BBIOP2207-24,476056,AND96251.1,genus:Onthophagus,,434,null,1548,0.0,59.0,26.28,27.0,null,null,null,null,null,null
BBIOP2224-24_r_1.5_s_100_BBIOP2224-24,BBIOP2224-24,r_1.5_s_100,>BBIOP2224-24_r_1.5_s_100_BBIOP2224-24,702309,AND96251.1,family:Scarabaeidae,,139,null,1548,0.0,35.0,6.68,6.0,null,null,null,null,null,null
BBIOP2189-24_r_1.5_s_100_BBIOP2189-24,BBIOP2189-24,r_1.5_s_100,>BBIOP2189-24_r_1.5_s_100_BBIOP2189-24,206731,YP_009729770.1,genus:Copris,,5678,null,1530,222.0,644.0,472.38,490.0,null,null,null,null,null,null
BBIOP2210-24_r_1.5_s_50_BBIOP2210-24,BBIOP2210-24,r_1.5_s_50,>BBIOP2210-24_r_1.5_s_50_BBIOP2210-24,2722828,YP_010631648.1,family:Glaphyridae,,3432,null,1533,0.0,390.0,148.97,152.0,null,null,null,null,null,null
BBIOP2267-24_r_1.5_s_50_BBIOP2267-24,BBIOP2267-24,r_1.5_s_50,>BBIOP2267-24_r_1.5_s_50_BBIOP2267-24,1720622,WJR82112.1,genus:Amphimallon,,6629,null,1533,0.0,864.0,227.21,215.0,null,null,null,null,null,null
BBIOP2236-24_r_1_s_100_BBIOP2236-24,BBIOP2236-24,r_1_s_100,>BBIOP2236-24_r_1_s_100_BBIOP2236-24,702309,AND96251.1,family:Scarabaeidae,,461,null,1548,0.0,89.0,27.34,25.0,null,null,null,null,null,null
BBIOP2189-24_r_1_s_50_BBIOP2189-24,BBIOP2189-24,r_1_s_50,>BBIOP2189-24_r_1_s_50_BBIOP2189-24,206731,YP_009729770.1,genus:Copris,,6217,null,1530,321.0,654.0,491.04,501.0,null,null,null,null,null,null
BBIOP2241-24_r_1.3_s_100_BBIOP2241-24,BBIOP2241-24,r_1.3_s_100,>BBIOP2241-24_r_1.3_s_100_BBIOP2241-24,702309,AND96251.1,family:Scarabaeidae,,143,null,1548,0.0,76.0,9.32,4.0,null,null,null,null,null,null
BBIOP2235-24_r_1.3_s_50_BBIOP2235-24,BBIOP2235-24,r_1.3_s_50,>BBIOP2235-24_r_1.3_s_50_BBIOP2235-24,702309,AND96251.1,family:Scarabaeidae,,1649,null,1548,0.0,121.0,61.49,59.0,null,null,null,null,null,null
BBIOP2206-24_r_1.3_s_100_BBIOP2206-24,BBIOP2206-24,r_1.3_s_100,>BBIOP2206-24_r_1.3_s_100_BBIOP2206-24,166353,AND96251.1,genus:Onthophagus,,276,null,1548,0.0,91.0,15.65,11.5,null,null,null,null,null,null
BBIOP2187-24_r_1_s_50_BBIOP2187-24,BBIOP2187-24,r_1_s_50,>BBIOP2187-24_r_1_s_50_BBIOP2187-24,166368,XPK45401.1,genus:Gymnopleurus,,18381,null,1542,7.0,2692.0,859.0,583.0,null,null,null,null,null,null
BBIOP2276-24_r_1.5_s_50_BBIOP2276-24,BBIOP2276-24,r_1.5_s_50,>BBIOP2276-24_r_1.5_s_50_BBIOP2276-24,1971888,XCN33691.1,subfamily:Melolonthinae,,566,null,1539,0.0,69.0,21.13,18.0,null,null,null,null,null,null
BBIOP2272-24_r_1.3_s_100_BBIOP2272-24,BBIOP2272-24,r_1.3_s_100,>BBIOP2272-24_r_1.3_s_100_BBIOP2272-24,1971888,XCN33691.1,subfamily:Melolonthinae,,91,null,1539,0.0,64.0,6.02,2.0,null,null,null,null,null,null
BBIOP2264-24_r_1.5_s_100_BBIOP2264-24,BBIOP2264-24,r_1.5_s_100,>BBIOP2264-24_r_1.5_s_100_BBIOP2264-24,1720622,WJR82112.1,genus:Amphimallon,,1098,null,1533,0.0,149.0,48.22,42.0,null,null,null,null,null,null
BBIOP2254-24_r_1.3_s_50_BBIOP2254-24,BBIOP2254-24,r_1.3_s_50,>BBIOP2254-24_r_1.3_s_50_BBIOP2254-24,1720622,WJR82112.1,genus:Amphimallon,,962,null,1533,0.0,188.0,33.56,28.0,null,null,null,null,null,null
BBIOP2238-24_r_1.5_s_100_BBIOP2238-24,BBIOP2238-24,r_1.5_s_100,>BBIOP2238-24_r_1.5_s_100_BBIOP2238-24,702309,AND96251.1,family:Scarabaeidae,,138,null,1548,0.0,35.0,6.75,4.0,null,null,null,null,null,null
BBIOP2203-24_r_1_s_100_BBIOP2203-24,BBIOP2203-24,r_1_s_100,>BBIOP2203-24_r_1_s_100_BBIOP2203-24,1541080,AND96251.1,genus:Onthophagus,,279,null,1548,0.0,72.0,18.54,17.0,null,null,null,null,null,null
BBIOP2191-24_r_1_s_50_BBIOP2191-24,BBIOP2191-24,r_1_s_50,>BBIOP2191-24_r_1_s_50_BBIOP2191-24,166340,AND96355.1,species:Bubas bubalus,,5835,null,1536,126.0,666.0,329.59,296.5,null,null,null,null,null,null
BBIOP2231-24_r_1_s_50_BBIOP2231-24,BBIOP2231-24,r_1_s_50,>BBIOP2231-24_r_1_s_50_BBIOP2231-24,702309,AND96251.1,family:Scarabaeidae,,1897,null,1548,0.0,183.0,83.68,80.0,null,null,null,null,null,null
BBIOP2243-24_r_1.3_s_50_BBIOP2243-24,BBIOP2243-24,r_1.3_s_50,>BBIOP2243-24_r_1.3_s_50_BBIOP2243-24,702309,AND96251.1,family:Scarabaeidae,,250624,null,1548,0.0,20952.0,10410.71,10037.0,null,null,null,null,null,null
BBIOP2247-24_r_1.5_s_50_BBIOP2247-24,BBIOP2247-24,r_1.5_s_50,>BBIOP2247-24_r_1.5_s_50_BBIOP2247-24,1720622,WJR82112.1,genus:Amphimallon,,12329,null,1533,135.0,1249.0,659.12,665.0,null,null,null,null,null,null
BBIOP2220-24_r_1_s_50_BBIOP2220-24,BBIOP2220-24,r_1_s_50,>BBIOP2220-24_r_1_s_50_BBIOP2220-24,702309,AND96251.1,family:Scarabaeidae,,910,null,1548,0.0,102.0,33.16,30.0,null,null,null,null,null,null
BBIOP2226-24_r_1.5_s_50_BBIOP2226-24,BBIOP2226-24,r_1.5_s_50,>BBIOP2226-24_r_1.5_s_50_BBIOP2226-24,702309,AND96251.1,family:Scarabaeidae,,79,null,1548,0.0,55.0,2.55,0.0,null,null,null,null,null,null
BBIOP2213-24_r_1_s_100_BBIOP2213-24,BBIOP2213-24,r_1_s_100,>BBIOP2213-24_r_1_s_100_BBIOP2213-24,2722830,YP_010631648.1,family:Glaphyridae,,4320,null,1533,0.0,598.0,225.19,204.0,null,null,null,null,null,null
BBIOP2247-24_r_1_s_50_BBIOP2247-24,BBIOP2247-24,r_1_s_50,>BBIOP2247-24_r_1_s_50_BBIOP2247-24,1720622,WJR82112.1,genus:Amphimallon,,14480,null,1533,300.0,1257.0,769.46,754.0,null,null,null,null,null,null
BBIOP2251-24_r_1_s_50_BBIOP2251-24,BBIOP2251-24,r_1_s_50,>BBIOP2251-24_r_1_s_50_BBIOP2251-24,1720622,WJR82112.1,genus:Amphimallon,,1049,null,1533,0.0,180.0,59.8,57.0,null,null,null,null,null,null
BBIOP2242-24_r_1_s_100_BBIOP2242-24,BBIOP2242-24,r_1_s_100,>BBIOP2242-24_r_1_s_100_BBIOP2242-24,702309,AND96251.1,family:Scarabaeidae,,4195,null,1548,0.0,465.0,209.73,209.0,null,null,null,null,null,null
BBIOP2231-24_r_1.3_s_50_BBIOP2231-24,BBIOP2231-24,r_1.3_s_50,>BBIOP2231-24_r_1.3_s_50_BBIOP2231-24,702309,AND96251.1,family:Scarabaeidae,,1629,null,1548,0.0,152.0,69.22,68.0,null,null,null,null,null,null
BBIOP2231-24_r_1.3_s_100_BBIOP2231-24,BBIOP2231-24,r_1.3_s_100,>BBIOP2231-24_r_1.3_s_100_BBIOP2231-24,702309,AND96251.1,family:Scarabaeidae,,881,null,1548,0.0,112.0,46.78,45.0,null,null,null,null,null,null
BBIOP2192-24_r_1.5_s_100_BBIOP2192-24,BBIOP2192-24,r_1.5_s_100,>BBIOP2192-24_r_1.5_s_100_BBIOP2192-24,166330,AND96329.1,genus:Onitis,,241,null,1545,0.0,53.0,13.52,12.0,null,null,null,null,null,null
BBIOP2274-24_r_1.3_s_50_BBIOP2274-24,BBIOP2274-24,r_1.3_s_50,>BBIOP2274-24_r_1.3_s_50_BBIOP2274-24,1971888,XCN33691.1,subfamily:Melolonthinae,,1236,null,1539,4.0,89.0,43.23,43.0,null,null,null,null,null,null
BBIOP2202-24_r_1_s_50_BBIOP2202-24,BBIOP2202-24,r_1_s_50,>BBIOP2202-24_r_1_s_50_BBIOP2202-24,166350,AND96251.1,genus:Onthophagus,,1146,null,1548,0.0,182.0,63.24,62.0,null,null,null,null,null,null
BBIOP2251-24_r_1.3_s_50_BBIOP2251-24,BBIOP2251-24,r_1.3_s_50,>BBIOP2251-24_r_1.3_s_50_BBIOP2251-24,1720622,WJR82112.1,genus:Amphimallon,,377,null,1533,0.0,74.0,15.27,10.0,null,null,null,null,null,null
BBIOP2217-24_r_1.5_s_100_BBIOP2217-24,BBIOP2217-24,r_1.5_s_100,>BBIOP2217-24_r_1.5_s_100_BBIOP2217-24,702309,AND96251.1,family:Scarabaeidae,,386,null,1548,0.0,59.0,18.51,16.0,null,null,null,null,null,null
BBIOP2209-24_r_1.3_s_50_BBIOP2209-24,BBIOP2209-24,r_1.3_s_50,>BBIOP2209-24_r_1.3_s_50_BBIOP2209-24,2722829,YP_010631648.1,family:Glaphyridae,,549,null,1533,0.0,104.0,22.64,16.0,null,null,null,null,null,null
BBIOP2201-24_r_1.5_s_100_BBIOP2201-24,BBIOP2201-24,r_1.5_s_100,>BBIOP2201-24_r_1.5_s_100_BBIOP2201-24,166350,AND96251.1,genus:Onthophagus,,5027,null,1548,0.0,2264.0,316.78,165.0,null,null,null,null,null,null
BBIOP2264-24_r_1.5_s_50_BBIOP2264-24,BBIOP2264-24,r_1.5_s_50,>BBIOP2264-24_r_1.5_s_50_BBIOP2264-24,1720622,WJR82112.1,genus:Amphimallon,,4668,null,1533,0.0,546.0,151.94,142.0,null,null,null,null,null,null
BBIOP2232-24_r_1.5_s_100_BBIOP2232-24,BBIOP2232-24,r_1.5_s_100,>BBIOP2232-24_r_1.5_s_100_BBIOP2232-24,702309,AND96251.1,family:Scarabaeidae,,620,null,1548,0.0,88.0,34.36,35.0,null,null,null,null,null,null
BBIOP2272-24_r_1.5_s_50_BBIOP2272-24,BBIOP2272-24,r_1.5_s_50,>BBIOP2272-24_r_1.5_s_50_BBIOP2272-24,1971888,XCN33691.1,subfamily:Melolonthinae,,98,null,1539,0.0,42.0,4.27,0.0,null,null,null,null,null,null
BBIOP2270-24_r_1.5_s_50_BBIOP2270-24,BBIOP2270-24,r_1.5_s_50,>BBIOP2270-24_r_1.5_s_50_BBIOP2270-24,1720622,WJR82112.1,genus:Amphimallon,,1514,null,1533,0.0,320.0,48.72,31.0,null,null,null,null,null,null
BBIOP2232-24_r_1_s_100_BBIOP2232-24,BBIOP2232-24,r_1_s_100,>BBIOP2232-24_r_1_s_100_BBIOP2232-24,702309,AND96251.1,family:Scarabaeidae,,805,null,1548,0.0,88.0,46.77,47.0,null,null,null,null,null,null
BBIOP2276-24_r_1.3_s_100_BBIOP2276-24,BBIOP2276-24,r_1.3_s_100,>BBIOP2276-24_r_1.3_s_100_BBIOP2276-24,1971888,XCN33691.1,subfamily:Melolonthinae,,202,null,1539,0.0,43.0,10.88,10.0,null,null,null,null,null,null
BBIOP2275-24_r_1.5_s_100_BBIOP2275-24,BBIOP2275-24,r_1.5_s_100,>BBIOP2275-24_r_1.5_s_100_BBIOP2275-24,1971888,XCN33691.1,subfamily:Melolonthinae,,815,null,1539,0.0,162.0,36.38,28.0,null,null,null,null,null,null
BBIOP2192-24_r_1_s_50_BBIOP2192-24,BBIOP2192-24,r_1_s_50,>BBIOP2192-24_r_1_s_50_BBIOP2192-24,166330,AND96329.1,genus:Onitis,,1400,null,1545,0.0,185.0,71.85,70.0,null,null,null,null,null,null
BBIOP2268-24_r_1.3_s_50_BBIOP2268-24,BBIOP2268-24,r_1.3_s_50,>BBIOP2268-24_r_1.3_s_50_BBIOP2268-24,1720622,WJR82112.1,genus:Amphimallon,,368511,null,1533,3960.0,24218.0,13863.68,13669.0,null,null,null,null,null,null
BBIOP2254-24_r_1_s_100_BBIOP2254-24,BBIOP2254-24,r_1_s_100,>BBIOP2254-24_r_1_s_100_BBIOP2254-24,1720622,WJR82112.1,genus:Amphimallon,,338,null,1533,0.0,61.0,18.29,15.0,null,null,null,null,null,null
BBIOP2256-24_r_1.3_s_50_BBIOP2256-24,BBIOP2256-24,r_1.3_s_50,>BBIOP2256-24_r_1.3_s_50_BBIOP2256-24,1720622,WJR82112.1,genus:Amphimallon,,259,null,1533,0.0,45.0,10.52,6.0,null,null,null,null,null,null
BBIOP2204-24_r_1_s_100_BBIOP2204-24,BBIOP2204-24,r_1_s_100,>BBIOP2204-24_r_1_s_100_BBIOP2204-24,1541080,AND96251.1,genus:Onthophagus,,118,null,1548,0.0,28.0,9.34,9.5,null,null,null,null,null,null
BBIOP2221-24_r_1.3_s_50_BBIOP2221-24,BBIOP2221-24,r_1.3_s_50,>BBIOP2221-24_r_1.3_s_50_BBIOP2221-24,702309,AND96251.1,family:Scarabaeidae,,1922,null,1548,0.0,167.0,67.81,63.0,null,null,null,null,null,null
BBIOP2206-24_r_1.5_s_50_BBIOP2206-24,BBIOP2206-24,r_1.5_s_50,>BBIOP2206-24_r_1.5_s_50_BBIOP2206-24,166353,AND96251.1,genus:Onthophagus,,507,null,1548,0.0,72.0,18.84,12.0,null,null,null,null,null,null
BBIOP2189-24_r_1_s_100_BBIOP2189-24,BBIOP2189-24,r_1_s_100,>BBIOP2189-24_r_1_s_100_BBIOP2189-24,206731,YP_009729770.1,genus:Copris,,5741,null,1530,222.0,646.0,477.14,493.0,null,null,null,null,null,null
BBIOP2199-24_r_1_s_50_BBIOP2199-24,BBIOP2199-24,r_1_s_50,>BBIOP2199-24_r_1_s_50_BBIOP2199-24,166332,AND96251.1,genus:Onthophagus,,3931,null,1548,0.0,538.0,243.4,188.5,null,null,null,null,null,null
BBIOP2258-24_r_1_s_100_BBIOP2258-24,BBIOP2258-24,r_1_s_100,>BBIOP2258-24_r_1_s_100_BBIOP2258-24,1720622,WJR82112.1,genus:Amphimallon,,1572,null,1533,6.0,192.0,113.76,116.0,null,null,null,null,null,null
BBIOP2261-24_r_1.3_s_100_BBIOP2261-24,BBIOP2261-24,r_1.3_s_100,>BBIOP2261-24_r_1.3_s_100_BBIOP2261-24,1720622,WJR82112.1,genus:Amphimallon,,980,null,1533,2.0,203.0,50.91,40.0,null,null,null,null,null,null
BBIOP2279-24_r_1.3_s_100_BBIOP2279-24,BBIOP2279-24,r_1.3_s_100,>BBIOP2279-24_r_1.3_s_100_BBIOP2279-24,1971888,XCN33691.1,subfamily:Melolonthinae,,319,null,1539,0.0,63.0,16.17,14.0,null,null,null,null,null,null
BBIOP2201-24_r_1_s_50_BBIOP2201-24,BBIOP2201-24,r_1_s_50,>BBIOP2201-24_r_1_s_50_BBIOP2201-24,166350,AND96251.1,genus:Onthophagus,,13454,null,1548,1.0,4530.0,735.51,362.0,null,null,null,null,null,null
BBIOP2259-24_r_1.5_s_100_BBIOP2259-24,BBIOP2259-24,r_1.5_s_100,>BBIOP2259-24_r_1.5_s_100_BBIOP2259-24,1720622,WJR82112.1,genus:Amphimallon,,75,null,1533,0.0,30.0,4.18,1.0,null,null,null,null,null,null
BBIOP2267-24_r_1.3_s_50_BBIOP2267-24,BBIOP2267-24,r_1.3_s_50,>BBIOP2267-24_r_1.3_s_50_BBIOP2267-24,1720622,WJR82112.1,genus:Amphimallon,,7273,null,1533,36.0,935.0,252.3,227.0,null,null,null,null,null,null
BBIOP2191-24_r_1_s_100_BBIOP2191-24,BBIOP2191-24,r_1_s_100,>BBIOP2191-24_r_1_s_100_BBIOP2191-24,166340,AND96355.1,species:Bubas bubalus,,4566,null,1536,108.0,616.0,291.6,255.0,null,null,null,null,null,null
BBIOP2245-24_r_1_s_50_BBIOP2245-24,BBIOP2245-24,r_1_s_50,>BBIOP2245-24_r_1_s_50_BBIOP2245-24,1720622,WJR82112.1,genus:Amphimallon,,2322,null,1533,35.0,224.0,106.33,99.0,null,null,null,null,null,null
BBIOP2271-24_r_1_s_100_BBIOP2271-24,BBIOP2271-24,r_1_s_100,>BBIOP2271-24_r_1_s_100_BBIOP2271-24,1720622,WJR82112.1,genus:Amphimallon,,1576,null,1533,10.0,216.0,93.48,79.0,null,null,null,null,null,null
BBIOP2268-24_r_1_s_100_BBIOP2268-24,BBIOP2268-24,r_1_s_100,>BBIOP2268-24_r_1_s_100_BBIOP2268-24,1720622,WJR82112.1,genus:Amphimallon,,146094,null,1533,2194.0,12076.0,7215.08,6849.0,null,null,null,null,null,null
BBIOP2224-24_r_1_s_100_BBIOP2224-24,BBIOP2224-24,r_1_s_100,>BBIOP2224-24_r_1_s_100_BBIOP2224-24,702309,AND96251.1,family:Scarabaeidae,,384,null,1548,0.0,65.0,27.16,27.5,null,null,null,null,null,null
BBIOP2259-24_r_1.3_s_50_BBIOP2259-24,BBIOP2259-24,r_1.3_s_50,>BBIOP2259-24_r_1.3_s_50_BBIOP2259-24,1720622,WJR82112.1,genus:Amphimallon,,482,null,1533,0.0,88.0,20.76,14.0,null,null,null,null,null,null
BBIOP2278-24_r_1.3_s_100_BBIOP2278-24,BBIOP2278-24,r_1.3_s_100,>BBIOP2278-24_r_1.3_s_100_BBIOP2278-24,1971888,XCN33691.1,subfamily:Melolonthinae,,1048,null,1539,8.0,125.0,53.62,50.0,null,null,null,null,null,null
BBIOP2194-24_r_1_s_50_BBIOP2194-24,BBIOP2194-24,r_1_s_50,>BBIOP2194-24_r_1_s_50_BBIOP2194-24,166346,AND96329.1,genus:Onitis,,4517,null,1545,0.0,621.0,187.98,178.0,null,null,null,null,null,null
BBIOP2235-24_r_1.5_s_50_BBIOP2235-24,BBIOP2235-24,r_1.5_s_50,>BBIOP2235-24_r_1.5_s_50_BBIOP2235-24,702309,AND96251.1,family:Scarabaeidae,,1341,null,1548,0.0,110.0,49.75,52.0,null,null,null,null,null,null
BBIOP2211-24_r_1.3_s_50_BBIOP2211-24,BBIOP2211-24,r_1.3_s_50,>BBIOP2211-24_r_1.3_s_50_BBIOP2211-24,2722828,YP_010631648.1,family:Glaphyridae,,662,null,1533,2.0,87.0,26.24,20.0,null,null,null,null,null,null
BBIOP2209-24_r_1_s_50_BBIOP2209-24,BBIOP2209-24,r_1_s_50,>BBIOP2209-24_r_1_s_50_BBIOP2209-24,2722829,YP_010631648.1,family:Glaphyridae,,1116,null,1533,5.0,189.0,59.23,57.0,null,null,null,null,null,null
BBIOP2228-24_r_1.5_s_100_BBIOP2228-24,BBIOP2228-24,r_1.5_s_100,>BBIOP2228-24_r_1.5_s_100_BBIOP2228-24,702309,AND96251.1,family:Scarabaeidae,,23,null,1548,0.0,9.0,1.13,0.0,null,null,null,null,null,null
BBIOP2264-24_r_1.3_s_50_BBIOP2264-24,BBIOP2264-24,r_1.3_s_50,>BBIOP2264-24_r_1.3_s_50_BBIOP2264-24,1720622,WJR82112.1,genus:Amphimallon,,5081,null,1533,22.0,594.0,166.74,148.0,null,null,null,null,null,null
BBIOP2234-24_r_1_s_50_BBIOP2234-24,BBIOP2234-24,r_1_s_50,>BBIOP2234-24_r_1_s_50_BBIOP2234-24,702309,AND96251.1,family:Scarabaeidae,,92,null,1548,0.0,29.0,5.77,4.0,null,null,null,null,null,null
BBIOP2215-24_r_1.5_s_50_BBIOP2215-24,BBIOP2215-24,r_1.5_s_50,>BBIOP2215-24_r_1.5_s_50_BBIOP2215-24,702309,AND96251.1,family:Scarabaeidae,,2655,null,1548,0.0,468.0,97.69,84.0,null,null,null,null,null,null
BBIOP2192-24_r_1.5_s_50_BBIOP2192-24,BBIOP2192-24,r_1.5_s_50,>BBIOP2192-24_r_1.5_s_50_BBIOP2192-24,166330,AND96329.1,genus:Onitis,,654,null,1545,0.0,124.0,25.31,21.0,null,null,null,null,null,null
BBIOP2228-24_r_1.3_s_100_BBIOP2228-24,BBIOP2228-24,r_1.3_s_100,>BBIOP2228-24_r_1.3_s_100_BBIOP2228-24,702309,AND96251.1,family:Scarabaeidae,,101,null,1548,0.0,49.0,7.22,2.0,null,null,null,null,null,null
BBIOP2240-24_r_1_s_100_BBIOP2240-24_fcleaner,BBIOP2240-24,r_1_s_100_fcleaner,>BBIOP2240-24_r_1_s_100_BBIOP2240-24_fcleaner,702309,AND96251.1,family:Scarabaeidae,null,776,null,null,0.0,134.0,37.12,32.0,0,179,40,0,0,98.64
BBIOP2203-24_r_1_s_50_BBIOP2203-24_fcleaner,BBIOP2203-24,r_1_s_50_fcleaner,>BBIOP2203-24_r_1_s_50_BBIOP2203-24_fcleaner,1541080,AND96251.1,genus:Onthophagus,null,419,null,null,0.0,109.0,21.18,14.0,0,333,33,0,0,80.81
BBIOP2262-24_r_1_s_50_BBIOP2262-24_fcleaner,BBIOP2262-24,r_1_s_50_fcleaner,>BBIOP2262-24_r_1_s_50_BBIOP2262-24_fcleaner,1720622,WJR82112.1,genus:Amphimallon,null,6468,null,null,56.0,615.0,269.14,250.0,0,818,64,0,0,100.0
BBIOP2253-24_r_1_s_100_BBIOP2253-24_fcleaner,BBIOP2253-24,r_1_s_100_fcleaner,>BBIOP2253-24_r_1_s_100_BBIOP2253-24_fcleaner,1720622,WJR82112.1,genus:Amphimallon,null,182,null,null,0.0,69.0,15.0,7.0,0,145,17,0,0,78.08
BBIOP2214-24_r_1.5_s_50_BBIOP2214-24_fcleaner,BBIOP2214-24,r_1.5_s_50_fcleaner,>BBIOP2214-24_r_1.5_s_50_BBIOP2214-24_fcleaner,702309,AND96251.1,family:Scarabaeidae,null,768,null,null,0.0,124.0,24.49,19.0,0,160,18,0,0,94.19
BBIOP2204-24_r_1.5_s_100_BBIOP2204-24_fcleaner,BBIOP2204-24,r_1.5_s_100_fcleaner,>BBIOP2204-24_r_1.5_s_100_BBIOP2204-24_fcleaner,1541080,AND96251.1,genus:Onthophagus,null,11,null,null,0.0,4.0,0.8,0.0,0,0,0,0,0,21.12
BBIOP2197-24_r_1.3_s_50_BBIOP2197-24_fcleaner,BBIOP2197-24,r_1.3_s_50_fcleaner,>BBIOP2197-24_r_1.3_s_50_BBIOP2197-24_fcleaner,166365,AND96251.1,tribe:Onthophagini,null,4891,null,null,2.0,576.0,259.89,249.0,0,1100,107,0,0,100.0
BBIOP2250-24_r_1_s_50_BBIOP2250-24_fcleaner,BBIOP2250-24,r_1_s_50_fcleaner,>BBIOP2250-24_r_1_s_50_BBIOP2250-24_fcleaner,1720622,WJR82112.1,genus:Amphimallon,null,246,null,null,0.0,34.0,8.54,8.0,0,358,13,0,0,92.56
BBIOP2210-24_r_1.5_s_100_BBIOP2210-24_fcleaner,BBIOP2210-24,r_1.5_s_100_fcleaner,>BBIOP2210-24_r_1.5_s_100_BBIOP2210-24_fcleaner,2722828,YP_010631648.1,family:Glaphyridae,null,1835,null,null,0.0,275.0,94.9,91.0,0,218,24,0,0,86.89
BBIOP2258-24_r_1_s_50_BBIOP2258-24_fcleaner,BBIOP2258-24,r_1_s_50_fcleaner,>BBIOP2258-24_r_1_s_50_BBIOP2258-24_fcleaner,1720622,WJR82112.1,genus:Amphimallon,null,1688,null,null,12.0,163.0,103.69,111.0,0,996,94,0,0,100.0
BBIOP2232-24_r_1.3_s_50_BBIOP2232-24_fcleaner,BBIOP2232-24,r_1.3_s_50_fcleaner,>BBIOP2232-24_r_1.3_s_50_BBIOP2232-24_fcleaner,702309,AND96251.1,family:Scarabaeidae,null,1194,null,null,0.0,110.0,54.01,54.0,0,115,16,0,0,99.03
BBIOP2226-24_r_1.3_s_50_BBIOP2226-24_fcleaner,BBIOP2226-24,r_1.3_s_50_fcleaner,>BBIOP2226-24_r_1.3_s_50_BBIOP2226-24_fcleaner,702309,AND96251.1,family:Scarabaeidae,null,251,null,null,0.0,98.0,13.49,4.0,0,17,10,0,0,61.63
BBIOP2259-24_r_1.5_s_50_BBIOP2259-24_fcleaner,BBIOP2259-24,r_1.5_s_50_fcleaner,>BBIOP2259-24_r_1.5_s_50_BBIOP2259-24_fcleaner,1720622,WJR82112.1,genus:Amphimallon,null,205,null,null,0.0,40.0,6.82,4.0,0,132,2,0,0,84.15
BBIOP2189-24_r_1.5_s_100_BBIOP2189-24_fcleaner,BBIOP2189-24,r_1.5_s_100_fcleaner,>BBIOP2189-24_r_1.5_s_100_BBIOP2189-24_fcleaner,206731,YP_009729770.1,genus:Copris,null,5447,null,null,221.0,619.0,456.73,475.0,0,140,91,0,0,100.0
BBIOP2240-24_r_1.3_s_50_BBIOP2240-24_fcleaner,BBIOP2240-24,r_1.3_s_50_fcleaner,>BBIOP2240-24_r_1.3_s_50_BBIOP2240-24_fcleaner,702309,AND96251.1,family:Scarabaeidae,null,2390,null,null,0.0,286.0,86.41,84.0,0,546,130,0,0,98.26
BBIOP2255-24_r_1_s_100_BBIOP2255-24_fcleaner,BBIOP2255-24,r_1_s_100_fcleaner,>BBIOP2255-24_r_1_s_100_BBIOP2255-24_fcleaner,1720622,WJR82112.1,genus:Amphimallon,null,401,null,null,0.0,66.0,18.91,14.0,0,296,2,0,0,95.11
BBIOP2262-24_r_1.5_s_100_BBIOP2262-24_fcleaner,BBIOP2262-24,r_1.5_s_100_fcleaner,>BBIOP2262-24_r_1.5_s_100_BBIOP2262-24_fcleaner,1720622,WJR82112.1,genus:Amphimallon,null,2845,null,null,6.0,497.0,147.1,131.0,0,94,21,0,0,100.0
BBIOP2235-24_r_1_s_50_BBIOP2235-24_fcleaner,BBIOP2235-24,r_1_s_50_fcleaner,>BBIOP2235-24_r_1_s_50_BBIOP2235-24_fcleaner,702309,AND96251.1,family:Scarabaeidae,null,1470,null,null,0.0,118.0,54.74,54.0,0,424,47,0,0,98.64
BBIOP2278-24_r_1.5_s_100_BBIOP2278-24_fcleaner,BBIOP2278-24,r_1.5_s_100_fcleaner,>BBIOP2278-24_r_1.5_s_100_BBIOP2278-24_fcleaner,1971888,XCN33691.1,subfamily:Melolonthinae,null,896,null,null,8.0,118.0,44.68,41.0,0,35,27,0,0,100.0
BBIOP2261-24_r_1_s_100_BBIOP2261-24_fcleaner,BBIOP2261-24,r_1_s_100_fcleaner,>BBIOP2261-24_r_1_s_100_BBIOP2261-24_fcleaner,1720622,WJR82112.1,genus:Amphimallon,null,391,null,null,0.0,101.0,21.48,14.0,0,1094,25,0,0,82.97
BBIOP2207-24_r_1_s_50_BBIOP2207-24_fcleaner,BBIOP2207-24,r_1_s_50_fcleaner,>BBIOP2207-24_r_1_s_50_BBIOP2207-24_fcleaner,476056,AND96251.1,genus:Onthophagus,null,388,null,null,0.0,62.0,17.53,18.0,0,363,8,0,0,89.53
BBIOP2257-24_r_1.3_s_100_BBIOP2257-24_fcleaner,BBIOP2257-24,r_1.3_s_100_fcleaner,>BBIOP2257-24_r_1.3_s_100_BBIOP2257-24_fcleaner,1720622,WJR82112.1,genus:Amphimallon,null,291,null,null,0.0,49.0,13.51,12.0,0,58,3,0,0,89.24
BBIOP2211-24_r_1.3_s_100_BBIOP2211-24_fcleaner,BBIOP2211-24,r_1.3_s_100_fcleaner,>BBIOP2211-24_r_1.3_s_100_BBIOP2211-24_fcleaner,2722828,YP_010631648.1,family:Glaphyridae,null,58,null,null,0.0,18.0,2.68,2.0,0,165,0,0,0,52.45
BBIOP2207-24_r_1.5_s_50_BBIOP2207-24_fcleaner,BBIOP2207-24,r_1.5_s_50_fcleaner,>BBIOP2207-24_r_1.5_s_50_BBIOP2207-24_fcleaner,476056,AND96251.1,genus:Onthophagus,null,383,null,null,0.0,58.0,17.23,18.0,0,133,5,0,0,85.66
BBIOP2246-24_r_1_s_50_BBIOP2246-24_fcleaner,BBIOP2246-24,r_1_s_50_fcleaner,>BBIOP2246-24_r_1_s_50_BBIOP2246-24_fcleaner,1720622,WJR82112.1,genus:Amphimallon,null,1459,null,null,22.0,142.0,64.02,58.0,0,156,0,0,0,100.0
BBIOP2242-24_r_1.3_s_50_BBIOP2242-24_fcleaner,BBIOP2242-24,r_1.3_s_50_fcleaner,>BBIOP2242-24_r_1.3_s_50_BBIOP2242-24_fcleaner,702309,AND96251.1,family:Scarabaeidae,null,9265,null,null,0.0,842.0,349.38,344.5,0,1633,430,0,0,98.64
BBIOP2186-24_r_1_s_50_BBIOP2186-24_fcleaner,BBIOP2186-24,r_1_s_50_fcleaner,>BBIOP2186-24_r_1_s_50_BBIOP2186-24_fcleaner,1172027,AND96251.1,subfamily:Scarabaeinae,null,3582,null,null,0.0,456.0,119.44,90.5,0,1315,36,0,0,99.42
BBIOP2263-24_r_1.5_s_50_BBIOP2263-24_fcleaner,BBIOP2263-24,r_1.5_s_50_fcleaner,>BBIOP2263-24_r_1.5_s_50_BBIOP2263-24_fcleaner,1720622,WJR82112.1,genus:Amphimallon,null,3452,null,null,0.0,890.0,97.64,71.0,0,3242,107,0,0,95.3
BBIOP2270-24_r_1.5_s_50_BBIOP2270-24_fcleaner,BBIOP2270-24,r_1.5_s_50_fcleaner,>BBIOP2270-24_r_1.5_s_50_BBIOP2270-24_fcleaner,1720622,WJR82112.1,genus:Amphimallon,null,1125,null,null,0.0,264.0,36.18,26.0,0,369,20,0,0,88.26
BBIOP2260-24_r_1.3_s_50_BBIOP2260-24_fcleaner,BBIOP2260-24,r_1.3_s_50_fcleaner,>BBIOP2260-24_r_1.3_s_50_BBIOP2260-24_fcleaner,1720622,WJR82112.1,genus:Amphimallon,null,487,null,null,0.0,44.0,14.33,12.0,0,268,13,0,0,91.78
BBIOP2212-24_r_1_s_50_BBIOP2212-24_fcleaner,BBIOP2212-24,r_1_s_50_fcleaner,>BBIOP2212-24_r_1_s_50_BBIOP2212-24_fcleaner,2722830,YP_010631648.1,family:Glaphyridae,null,1238,null,null,0.0,172.0,48.39,34.0,0,348,79,0,0,99.8
BBIOP2269-24_r_1_s_100_BBIOP2269-24_fcleaner,BBIOP2269-24,r_1_s_100_fcleaner,>BBIOP2269-24_r_1_s_100_BBIOP2269-24_fcleaner,1720622,WJR82112.1,genus:Amphimallon,null,1249,null,null,4.0,239.0,57.99,48.0,0,68,22,0,0,100.0
BBIOP2193-24_r_1_s_50_BBIOP2193-24_fcleaner,BBIOP2193-24,r_1_s_50_fcleaner,>BBIOP2193-24_r_1_s_50_BBIOP2193-24_fcleaner,166330,AND96329.1,genus:Onitis,null,20680,null,null,0.0,1405.0,763.3,759.0,0,4363,187,0,0,99.81
BBIOP2272-24_r_1_s_50_BBIOP2272-24_fcleaner,BBIOP2272-24,r_1_s_50_fcleaner,>BBIOP2272-24_r_1_s_50_BBIOP2272-24_fcleaner,1971888,XCN33691.1,subfamily:Melolonthinae,null,625,null,null,0.0,177.0,30.58,19.0,0,305,42,0,3,85.58
BBIOP2255-24_r_1.3_s_100_BBIOP2255-24_fcleaner,BBIOP2255-24,r_1.3_s_100_fcleaner,>BBIOP2255-24_r_1.3_s_100_BBIOP2255-24_fcleaner,1720622,WJR82112.1,genus:Amphimallon,null,512,null,null,0.0,112.0,23.87,16.0,0,55,8,0,0,96.67
BBIOP2240-24_r_1.5_s_100_BBIOP2240-24_fcleaner,BBIOP2240-24,r_1.5_s_100_fcleaner,>BBIOP2240-24_r_1.5_s_100_BBIOP2240-24_fcleaner,702309,AND96251.1,family:Scarabaeidae,null,739,null,null,0.0,134.0,34.9,30.0,0,45,37,0,0,88.76
BBIOP2277-24_r_1_s_100_BBIOP2277-24_fcleaner,BBIOP2277-24,r_1_s_100_fcleaner,>BBIOP2277-24_r_1_s_100_BBIOP2277-24_fcleaner,1971888,XCN33691.1,subfamily:Melolonthinae,null,112,null,null,0.0,38.0,9.36,8.0,0,52,10,0,0,74.07
BBIOP2187-24_r_1.5_s_50_BBIOP2187-24_fcleaner,BBIOP2187-24,r_1.5_s_50_fcleaner,>BBIOP2187-24_r_1.5_s_50_BBIOP2187-24_fcleaner,166368,XPK45401.1,genus:Gymnopleurus,null,13101,null,null,0.0,2627.0,638.46,495.0,0,4319,91,0,0,99.81
BBIOP2236-24_r_1.3_s_100_BBIOP2236-24_fcleaner,BBIOP2236-24,r_1.3_s_100_fcleaner,>BBIOP2236-24_r_1.3_s_100_BBIOP2236-24_fcleaner,702309,AND96251.1,family:Scarabaeidae,null,252,null,null,0.0,43.0,12.44,12.0,0,82,14,0,0,91.47
BBIOP2200-24_r_1.5_s_50_BBIOP2200-24_fcleaner,BBIOP2200-24,r_1.5_s_50_fcleaner,>BBIOP2200-24_r_1.5_s_50_BBIOP2200-24_fcleaner,166332,AND96251.1,genus:Onthophagus,null,783,null,null,0.0,116.0,34.97,33.5,0,656,9,0,0,99.81
BBIOP2269-24_r_1_s_50_BBIOP2269-24_fcleaner,BBIOP2269-24,r_1_s_50_fcleaner,>BBIOP2269-24_r_1_s_50_BBIOP2269-24_fcleaner,1720622,WJR82112.1,genus:Amphimallon,null,5100,null,null,33.0,684.0,170.84,148.0,0,582,87,0,0,100.0
BBIOP2263-24_r_1_s_100_BBIOP2263-24_fcleaner,BBIOP2263-24,r_1_s_100_fcleaner,>BBIOP2263-24_r_1_s_100_BBIOP2263-24_fcleaner,1720622,WJR82112.1,genus:Amphimallon,null,440,null,null,0.0,151.0,31.38,12.0,0,376,45,0,0,81.6
BBIOP2235-24_r_1.3_s_100_BBIOP2235-24_fcleaner,BBIOP2235-24,r_1.3_s_100_fcleaner,>BBIOP2235-24_r_1.3_s_100_BBIOP2235-24_fcleaner,702309,AND96251.1,family:Scarabaeidae,null,512,null,null,0.0,70.0,24.83,25.0,0,61,14,0,0,97.87
BBIOP2276-24_r_1.5_s_100_BBIOP2276-24_fcleaner,BBIOP2276-24,r_1.5_s_100_fcleaner,>BBIOP2276-24_r_1.5_s_100_BBIOP2276-24_fcleaner,1971888,XCN33691.1,subfamily:Melolonthinae,null,170,null,null,0.0,34.0,8.96,8.0,0,22,2,0,0,87.91
BBIOP2235-24_r_1.3_s_50_BBIOP2235-24_fcleaner,BBIOP2235-24,r_1.3_s_50_fcleaner,>BBIOP2235-24_r_1.3_s_50_BBIOP2235-24_fcleaner,702309,AND96251.1,family:Scarabaeidae,null,1396,null,null,0.0,114.0,52.25,52.0,0,213,40,0,0,97.87
BBIOP2224-24_r_1.3_s_100_BBIOP2224-24_fcleaner,BBIOP2224-24,r_1.3_s_100_fcleaner,>BBIOP2224-24_r_1.3_s_100_BBIOP2224-24_fcleaner,702309,AND96251.1,family:Scarabaeidae,null,56,null,null,0.0,21.0,2.83,0.0,0,132,0,0,0,27.71
BBIOP2240-24_r_1.3_s_100_BBIOP2240-24_fcleaner,BBIOP2240-24,r_1.3_s_100_fcleaner,>BBIOP2240-24_r_1.3_s_100_BBIOP2240-24_fcleaner,702309,AND96251.1,family:Scarabaeidae,null,766,null,null,0.0,134.0,36.71,30.0,0,102,40,0,0,98.26
BBIOP2264-24_r_1.3_s_50_BBIOP2264-24_fcleaner,BBIOP2264-24,r_1.3_s_50_fcleaner,>BBIOP2264-24_r_1.3_s_50_BBIOP2264-24_fcleaner,1720622,WJR82112.1,genus:Amphimallon,null,4542,null,null,6.0,594.0,149.97,132.0,0,493,46,0,0,100.0
BBIOP2272-24_r_1.3_s_50_BBIOP2272-24_fcleaner,BBIOP2272-24,r_1.3_s_50_fcleaner,>BBIOP2272-24_r_1.3_s_50_BBIOP2272-24_fcleaner,1971888,XCN33691.1,subfamily:Melolonthinae,null,220,null,null,0.0,85.0,8.88,0.0,0,71,15,0,0,44.05
BBIOP2236-24_r_1.5_s_50_BBIOP2236-24_fcleaner,BBIOP2236-24,r_1.5_s_50_fcleaner,>BBIOP2236-24_r_1.5_s_50_BBIOP2236-24_fcleaner,702309,AND96251.1,family:Scarabaeidae,null,741,null,null,0.0,86.0,25.67,26.0,0,121,32,0,0,90.89
BBIOP2206-24_r_1.3_s_50_BBIOP2206-24_fcleaner,BBIOP2206-24,r_1.3_s_50_fcleaner,>BBIOP2206-24_r_1.3_s_50_BBIOP2206-24_fcleaner,166353,AND96251.1,genus:Onthophagus,null,311,null,null,0.0,79.0,12.52,10.0,0,414,23,0,0,80.81
BBIOP2222-24_r_1_s_50_BBIOP2222-24_fcleaner,BBIOP2222-24,r_1_s_50_fcleaner,>BBIOP2222-24_r_1_s_50_BBIOP2222-24_fcleaner,702309,AND96251.1,family:Scarabaeidae,null,171,null,null,0.0,31.0,6.68,4.0,0,940,10,0,0,73.45
BBIOP2242-24_r_1.5_s_50_BBIOP2242-24_fcleaner,BBIOP2242-24,r_1.5_s_50_fcleaner,>BBIOP2242-24_r_1.5_s_50_BBIOP2242-24_fcleaner,702309,AND96251.1,family:Scarabaeidae,null,8011,null,null,0.0,830.0,302.52,307.5,0,866,423,0,0,96.9
BBIOP2235-24_r_1_s_100_BBIOP2235-24_fcleaner,BBIOP2235-24,r_1_s_100_fcleaner,>BBIOP2235-24_r_1_s_100_BBIOP2235-24_fcleaner,702309,AND96251.1,family:Scarabaeidae,null,512,null,null,0.0,70.0,24.87,26.0,0,158,13,0,0,96.32
BBIOP2238-24_r_1_s_50_BBIOP2238-24_fcleaner,BBIOP2238-24,r_1_s_50_fcleaner,>BBIOP2238-24_r_1_s_50_BBIOP2238-24_fcleaner,702309,AND96251.1,family:Scarabaeidae,null,615,null,null,0.0,122.0,35.64,25.0,0,986,48,0,3,89.73
BBIOP2238-24_r_1.3_s_50_BBIOP2238-24_fcleaner,BBIOP2238-24,r_1.3_s_50_fcleaner,>BBIOP2238-24_r_1.3_s_50_BBIOP2238-24_fcleaner,702309,AND96251.1,family:Scarabaeidae,null,426,null,null,0.0,54.0,14.73,15.0,0,392,27,0,0,93.99
BBIOP2261-24_r_1.3_s_100_BBIOP2261-24_fcleaner,BBIOP2261-24,r_1.3_s_100_fcleaner,>BBIOP2261-24_r_1.3_s_100_BBIOP2261-24_fcleaner,1720622,WJR82112.1,genus:Amphimallon,null,768,null,null,0.0,129.0,36.23,28.0,0,202,10,0,0,98.04
BBIOP2217-24_r_1.3_s_100_BBIOP2217-24_fcleaner,BBIOP2217-24,r_1.3_s_100_fcleaner,>BBIOP2217-24_r_1.3_s_100_BBIOP2217-24_fcleaner,702309,AND96251.1,family:Scarabaeidae,null,363,null,null,0.0,48.0,17.52,16.0,0,70,2,0,0,89.92
BBIOP2218-24_r_1.5_s_50_BBIOP2218-24_fcleaner,BBIOP2218-24,r_1.5_s_50_fcleaner,>BBIOP2218-24_r_1.5_s_50_BBIOP2218-24_fcleaner,702309,AND96251.1,family:Scarabaeidae,null,1094,null,null,0.0,164.0,37.07,30.0,0,175,10,0,0,94.38
BBIOP2274-24_r_1.5_s_50_BBIOP2274-24_fcleaner,BBIOP2274-24,r_1.5_s_50_fcleaner,>BBIOP2274-24_r_1.5_s_50_BBIOP2274-24_fcleaner,1971888,XCN33691.1,subfamily:Melolonthinae,null,862,null,null,0.0,74.0,29.0,28.0,0,138,24,0,0,97.86
BBIOP2242-24_r_1_s_100_BBIOP2242-24_fcleaner,BBIOP2242-24,r_1_s_100_fcleaner,>BBIOP2242-24_r_1_s_100_BBIOP2242-24_fcleaner,702309,AND96251.1,family:Scarabaeidae,null,3498,null,null,0.0,455.0,171.14,167.0,0,494,203,0,0,99.03
BBIOP2219-24_r_1.5_s_100_BBIOP2219-24_fcleaner,BBIOP2219-24,r_1.5_s_100_fcleaner,>BBIOP2219-24_r_1.5_s_100_BBIOP2219-24_fcleaner,702309,AND96251.1,family:Scarabaeidae,null,394,null,null,0.0,62.0,19.69,16.0,0,48,8,0,0,91.28
BBIOP2269-24_r_1.5_s_50_BBIOP2269-24_fcleaner,BBIOP2269-24,r_1.5_s_50_fcleaner,>BBIOP2269-24_r_1.5_s_50_BBIOP2269-24_fcleaner,1720622,WJR82112.1,genus:Amphimallon,null,4583,null,null,0.0,646.0,154.26,134.0,0,364,57,0,0,99.8
BBIOP2238-24_r_1.5_s_100_BBIOP2238-24_fcleaner,BBIOP2238-24,r_1.5_s_100_fcleaner,>BBIOP2238-24_r_1.5_s_100_BBIOP2238-24_fcleaner,702309,AND96251.1,family:Scarabaeidae,null,90,null,null,0.0,20.0,4.36,4.0,0,45,3,0,0,69.19
BBIOP2237-24_r_1_s_50_BBIOP2237-24_fcleaner,BBIOP2237-24,r_1_s_50_fcleaner,>BBIOP2237-24_r_1_s_50_BBIOP2237-24_fcleaner,702309,AND96251.1,family:Scarabaeidae,null,1393,null,null,0.0,122.0,45.38,44.0,0,532,43,0,0,96.12
BBIOP2278-24_r_1.5_s_50_BBIOP2278-24_fcleaner,BBIOP2278-24,r_1.5_s_50_fcleaner,>BBIOP2278-24_r_1.5_s_50_BBIOP2278-24_fcleaner,1971888,XCN33691.1,subfamily:Melolonthinae,null,1931,null,null,14.0,164.0,75.43,73.0,0,244,43,0,0,100.0
BBIOP2271-24_r_1.3_s_50_BBIOP2271-24_fcleaner,BBIOP2271-24,r_1.3_s_50_fcleaner,>BBIOP2271-24_r_1.3_s_50_BBIOP2271-24_fcleaner,1720622,WJR82112.1,genus:Amphimallon,null,3688,null,null,14.0,430.0,126.34,110.0,0,965,51,0,0,100.0
BBIOP2264-24_r_1_s_100_BBIOP2264-24_fcleaner,BBIOP2264-24,r_1_s_100_fcleaner,>BBIOP2264-24_r_1_s_100_BBIOP2264-24_fcleaner,1720622,WJR82112.1,genus:Amphimallon,null,1038,null,null,0.0,149.0,46.04,42.0,0,123,18,0,0,96.48
BBIOP2266-24_r_1_s_50_BBIOP2266-24_fcleaner,BBIOP2266-24,r_1_s_50_fcleaner,>BBIOP2266-24_r_1_s_50_BBIOP2266-24_fcleaner,1720622,WJR82112.1,genus:Amphimallon,null,3946,null,null,71.0,363.0,173.62,168.0,0,261,77,0,0,100.0
BBIOP2229-24_r_1.3_s_100_BBIOP2229-24_fcleaner,BBIOP2229-24,r_1.3_s_100_fcleaner,>BBIOP2229-24_r_1.3_s_100_BBIOP2229-24_fcleaner,702309,AND96251.1,family:Scarabaeidae,null,115,null,null,0.0,18.0,5.21,4.0,0,7,5,0,0,73.64
BBIOP2255-24_r_1.3_s_50_BBIOP2255-24_fcleaner,BBIOP2255-24,r_1.3_s_50_fcleaner,>BBIOP2255-24_r_1.3_s_50_BBIOP2255-24_fcleaner,1720622,WJR82112.1,genus:Amphimallon,null,1642,null,null,0.0,173.0,57.43,50.0,0,368,11,0,0,98.24
BBIOP2226-24_r_1_s_100_BBIOP2226-24_fcleaner,BBIOP2226-24,r_1_s_100_fcleaner,>BBIOP2226-24_r_1_s_100_BBIOP2226-24_fcleaner,702309,AND96251.1,family:Scarabaeidae,null,495,null,null,0.0,131.0,41.64,34.0,0,10,32,0,3,80.81
BBIOP2214-24_r_1.5_s_100_BBIOP2214-24_fcleaner,BBIOP2214-24,r_1.5_s_100_fcleaner,>BBIOP2214-24_r_1.5_s_100_BBIOP2214-24_fcleaner,702309,AND96251.1,family:Scarabaeidae,null,140,null,null,0.0,55.0,6.16,2.0,0,23,2,0,0,59.69
BBIOP2270-24_r_1.3_s_50_BBIOP2270-24_fcleaner,BBIOP2270-24,r_1.3_s_50_fcleaner,>BBIOP2270-24_r_1.3_s_50_BBIOP2270-24_fcleaner,1720622,WJR82112.1,genus:Amphimallon,null,1116,null,null,0.0,160.0,35.9,26.0,0,806,50,0,0,91.19
BBIOP2199-24_r_1.3_s_100_BBIOP2199-24_fcleaner,BBIOP2199-24,r_1.3_s_100_fcleaner,>BBIOP2199-24_r_1.3_s_100_BBIOP2199-24_fcleaner,166332,AND96251.1,genus:Onthophagus,null,2588,null,null,0.0,465.0,181.65,163.0,0,721,33,0,0,99.42
BBIOP2251-24_r_1.5_s_100_BBIOP2251-24_fcleaner,BBIOP2251-24,r_1.5_s_100_fcleaner,>BBIOP2251-24_r_1.5_s_100_BBIOP2251-24_fcleaner,1720622,WJR82112.1,genus:Amphimallon,null,25,null,null,0.0,12.0,1.99,0.0,0,2,1,0,0,25.44
BBIOP2254-24_r_1.5_s_50_BBIOP2254-24_fcleaner,BBIOP2254-24,r_1.5_s_50_fcleaner,>BBIOP2254-24_r_1.5_s_50_BBIOP2254-24_fcleaner,1720622,WJR82112.1,genus:Amphimallon,null,780,null,null,0.0,180.0,26.77,22.0,0,61,7,0,0,87.28
BBIOP2223-24_r_1.3_s_50_BBIOP2223-24_fcleaner,BBIOP2223-24,r_1.3_s_50_fcleaner,>BBIOP2223-24_r_1.3_s_50_BBIOP2223-24_fcleaner,702309,AND96251.1,family:Scarabaeidae,null,912,null,null,0.0,82.0,32.72,30.0,0,246,25,0,0,97.29
BBIOP2207-24_r_1_s_100_BBIOP2207-24_fcleaner,BBIOP2207-24,r_1_s_100_fcleaner,>BBIOP2207-24_r_1_s_100_BBIOP2207-24_fcleaner,476056,AND96251.1,genus:Onthophagus,null,236,null,null,0.0,44.0,12.74,12.0,0,194,4,0,0,85.85
BBIOP2194-24_r_1.5_s_50_BBIOP2194-24_fcleaner,BBIOP2194-24,r_1.5_s_50_fcleaner,>BBIOP2194-24_r_1.5_s_50_BBIOP2194-24_fcleaner,166346,AND96329.1,genus:Onitis,null,3108,null,null,0.0,586.0,135.81,113.0,0,622,231,0,0,99.42
BBIOP2258-24_r_1_s_100_BBIOP2258-24_fcleaner,BBIOP2258-24,r_1_s_100_fcleaner,>BBIOP2258-24_r_1_s_100_BBIOP2258-24_fcleaner,1720622,WJR82112.1,genus:Amphimallon,null,1133,null,null,1.0,140.0,84.49,89.0,0,398,41,0,0,100.0
BBIOP2236-24_r_1_s_100_BBIOP2236-24_fcleaner,BBIOP2236-24,r_1_s_100_fcleaner,>BBIOP2236-24_r_1_s_100_BBIOP2236-24_fcleaner,702309,AND96251.1,family:Scarabaeidae,null,200,null,null,0.0,43.0,9.63,8.0,0,250,11,0,0,84.11
BBIOP2267-24_r_1_s_50_BBIOP2267-24_fcleaner,BBIOP2267-24,r_1_s_50_fcleaner,>BBIOP2267-24_r_1_s_50_BBIOP2267-24_fcleaner,1720622,WJR82112.1,genus:Amphimallon,null,6380,null,null,3.0,918.0,220.15,205.0,0,1724,34,0,0,100.0
BBIOP2215-24_r_1_s_50_BBIOP2215-24_fcleaner,BBIOP2215-24,r_1_s_50_fcleaner,>BBIOP2215-24_r_1_s_50_BBIOP2215-24_fcleaner,702309,AND96251.1,family:Scarabaeidae,null,2912,null,null,0.0,488.0,108.41,96.0,0,552,38,0,0,99.03
BBIOP2243-24_r_1.3_s_50_BBIOP2243-24_fcleaner,BBIOP2243-24,r_1.3_s_50_fcleaner,>BBIOP2243-24_r_1.3_s_50_BBIOP2243-24_fcleaner,702309,AND96251.1,family:Scarabaeidae,null,219057,null,null,0.0,20798.0,9199.72,8623.5,0,28907,2660,0,0,99.22
BBIOP2265-24_r_1.5_s_50_BBIOP2265-24_fcleaner,BBIOP2265-24,r_1.5_s_50_fcleaner,>BBIOP2265-24_r_1.5_s_50_BBIOP2265-24_fcleaner,1720622,WJR82112.1,genus:Amphimallon,null,2605,null,null,4.0,232.0,90.18,88.0,0,241,48,0,0,100.0
BBIOP2280-24_r_1.3_s_100_BBIOP2280-24_fcleaner,BBIOP2280-24,r_1.3_s_100_fcleaner,>BBIOP2280-24_r_1.3_s_100_BBIOP2280-24_fcleaner,1971888,XCN33691.1,subfamily:Melolonthinae,null,1093,null,null,0.0,128.0,50.97,46.0,0,55,6,0,0,99.81
BBIOP2276-24_r_1.5_s_50_BBIOP2276-24_fcleaner,BBIOP2276-24,r_1.5_s_50_fcleaner,>BBIOP2276-24_r_1.5_s_50_BBIOP2276-24_fcleaner,1971888,XCN33691.1,subfamily:Melolonthinae,null,496,null,null,0.0,64.0,18.79,16.0,0,62,8,0,0,98.44
BBIOP2245-24_r_1.3_s_100_BBIOP2245-24_fcleaner,BBIOP2245-24,r_1.3_s_100_fcleaner,>BBIOP2245-24_r_1.3_s_100_BBIOP2245-24_fcleaner,1720622,WJR82112.1,genus:Amphimallon,null,1153,null,null,15.0,161.0,64.24,55.0,0,82,13,0,0,100.0
BBIOP2219-24_r_1.3_s_50_BBIOP2219-24_fcleaner,BBIOP2219-24,r_1.3_s_50_fcleaner,>BBIOP2219-24_r_1.3_s_50_BBIOP2219-24_fcleaner,702309,AND96251.1,family:Scarabaeidae,null,1139,null,null,0.0,96.0,43.67,40.0,0,223,27,0,0,98.45
BBIOP2251-24_r_1_s_100_BBIOP2251-24_fcleaner,BBIOP2251-24,r_1_s_100_fcleaner,>BBIOP2251-24_r_1_s_100_BBIOP2251-24_fcleaner,1720622,WJR82112.1,genus:Amphimallon,null,425,null,null,0.0,123.0,36.85,35.0,0,10,37,0,6,87.08
BBIOP2225-24_r_1.5_s_50_BBIOP2225-24_fcleaner,BBIOP2225-24,r_1.5_s_50_fcleaner,>BBIOP2225-24_r_1.5_s_50_BBIOP2225-24_fcleaner,702309,AND96251.1,family:Scarabaeidae,null,2403,null,null,0.0,212.0,109.6,123.0,0,252,70,0,0,94.96
BBIOP2201-24_r_1.3_s_100_BBIOP2201-24_fcleaner,BBIOP2201-24,r_1.3_s_100_fcleaner,>BBIOP2201-24_r_1.3_s_100_BBIOP2201-24_fcleaner,166350,AND96251.1,genus:Onthophagus,null,3661,null,null,0.0,770.0,237.1,159.0,0,3117,324,0,0,99.22
BBIOP2248-24_r_1.3_s_100_BBIOP2248-24_fcleaner,BBIOP2248-24,r_1.3_s_100_fcleaner,>BBIOP2248-24_r_1.3_s_100_BBIOP2248-24_fcleaner,1720622,WJR82112.1,genus:Amphimallon,null,168,null,null,0.0,26.0,7.94,6.0,0,34,2,0,0,77.69
BBIOP2228-24_r_1_s_50_BBIOP2228-24_fcleaner,BBIOP2228-24,r_1_s_50_fcleaner,>BBIOP2228-24_r_1_s_50_BBIOP2228-24_fcleaner,702309,AND96251.1,family:Scarabaeidae,null,641,null,null,0.0,190.0,38.81,32.0,0,187,51,0,0,83.33
BBIOP2204-24_r_1_s_50_BBIOP2204-24_fcleaner,BBIOP2204-24,r_1_s_50_fcleaner,>BBIOP2204-24_r_1_s_50_BBIOP2204-24_fcleaner,1541080,AND96251.1,genus:Onthophagus,null,193,null,null,0.0,37.0,11.67,10.0,0,17,13,0,0,81.98
BBIOP2202-24_r_1.3_s_50_BBIOP2202-24_fcleaner,BBIOP2202-24,r_1.3_s_50_fcleaner,>BBIOP2202-24_r_1.3_s_50_BBIOP2202-24_fcleaner,166350,AND96251.1,genus:Onthophagus,null,353,null,null,0.0,40.0,17.54,16.0,0,323,14,0,0,97.87
BBIOP2256-24_r_1_s_50_BBIOP2256-24_fcleaner,BBIOP2256-24,r_1_s_50_fcleaner,>BBIOP2256-24_r_1_s_50_BBIOP2256-24_fcleaner,1720622,WJR82112.1,genus:Amphimallon,null,461,null,null,0.0,113.0,28.09,23.0,0,156,37,0,3,90.8
BBIOP2253-24_r_1.5_s_50_BBIOP2253-24_fcleaner,BBIOP2253-24,r_1.5_s_50_fcleaner,>BBIOP2253-24_r_1.5_s_50_BBIOP2253-24_fcleaner,1720622,WJR82112.1,genus:Amphimallon,null,236,null,null,0.0,25.0,7.79,8.0,0,204,4,0,0,83.17
BBIOP2219-24_r_1_s_100_BBIOP2219-24_fcleaner,BBIOP2219-24,r_1_s_100_fcleaner,>BBIOP2219-24_r_1_s_100_BBIOP2219-24_fcleaner,702309,AND96251.1,family:Scarabaeidae,null,437,null,null,0.0,62.0,22.4,19.0,0,162,15,0,0,98.64
BBIOP2250-24_r_1.3_s_100_BBIOP2250-24_fcleaner,BBIOP2250-24,r_1.3_s_100_fcleaner,>BBIOP2250-24_r_1.3_s_100_BBIOP2250-24_fcleaner,1720622,WJR82112.1,genus:Amphimallon,null,66,null,null,0.0,24.0,3.42,2.0,0,46,0,0,0,50.88
BBIOP2253-24_r_1.3_s_100_BBIOP2253-24_fcleaner,BBIOP2253-24,r_1.3_s_100_fcleaner,>BBIOP2253-24_r_1.3_s_100_BBIOP2253-24_fcleaner,1720622,WJR82112.1,genus:Amphimallon,null,46,null,null,0.0,10.0,2.46,0.0,0,97,2,0,0,42.86
BBIOP2193-24_r_1.5_s_50_BBIOP2193-24_fcleaner,BBIOP2193-24,r_1.5_s_50_fcleaner,>BBIOP2193-24_r_1.5_s_50_BBIOP2193-24_fcleaner,166330,AND96329.1,genus:Onitis,null,18839,null,null,0.0,1383.0,697.08,695.0,0,3654,134,0,0,99.42
BBIOP2203-24_r_1.5_s_100_BBIOP2203-24_fcleaner,BBIOP2203-24,r_1.5_s_100_fcleaner,>BBIOP2203-24_r_1.5_s_100_BBIOP2203-24_fcleaner,1541080,AND96251.1,genus:Onthophagus,null,49,null,null,0.0,22.0,2.2,0.0,0,44,0,0,0,24.61
BBIOP2192-24_r_1_s_100_BBIOP2192-24_fcleaner,BBIOP2192-24,r_1_s_100_fcleaner,>BBIOP2192-24_r_1_s_100_BBIOP2192-24_fcleaner,166330,AND96329.1,genus:Onitis,null,289,null,null,0.0,84.0,24.27,24.0,0,344,21,0,0,84.27
BBIOP2215-24_r_1.5_s_50_BBIOP2215-24_fcleaner,BBIOP2215-24,r_1.5_s_50_fcleaner,>BBIOP2215-24_r_1.5_s_50_BBIOP2215-24_fcleaner,702309,AND96251.1,family:Scarabaeidae,null,2427,null,null,0.0,468.0,91.13,75.5,0,206,22,0,0,97.67
BBIOP2210-24_r_1.3_s_50_BBIOP2210-24_fcleaner,BBIOP2210-24,r_1.3_s_50_fcleaner,>BBIOP2210-24_r_1.3_s_50_BBIOP2210-24_fcleaner,2722828,YP_010631648.1,family:Glaphyridae,null,3728,null,null,0.0,390.0,164.48,154.0,0,836,66,0,0,99.8
BBIOP2262-24_r_1_s_100_BBIOP2262-24_fcleaner,BBIOP2262-24,r_1_s_100_fcleaner,>BBIOP2262-24_r_1_s_100_BBIOP2262-24_fcleaner,1720622,WJR82112.1,genus:Amphimallon,null,3131,null,null,30.0,497.0,164.16,141.0,0,169,24,0,0,100.0
BBIOP2237-24_r_1.3_s_100_BBIOP2237-24_fcleaner,BBIOP2237-24,r_1.3_s_100_fcleaner,>BBIOP2237-24_r_1.3_s_100_BBIOP2237-24_fcleaner,702309,AND96251.1,family:Scarabaeidae,null,295,null,null,0.0,73.0,12.7,10.0,0,63,10,0,0,83.91
BBIOP2234-24_r_1.3_s_100_BBIOP2234-24_fcleaner,BBIOP2234-24,r_1.3_s_100_fcleaner,>BBIOP2234-24_r_1.3_s_100_BBIOP2234-24_fcleaner,702309,AND96251.1,family:Scarabaeidae,null,5,null,null,0.0,3.0,0.39,0.0,0,0,1,0,0,14.92
BBIOP2242-24_r_1.3_s_100_BBIOP2242-24_fcleaner,BBIOP2242-24,r_1.3_s_100_fcleaner,>BBIOP2242-24_r_1.3_s_100_BBIOP2242-24_fcleaner,702309,AND96251.1,family:Scarabaeidae,null,3472,null,null,0.0,445.0,169.55,167.0,0,354,218,0,0,98.64
BBIOP2259-24_r_1_s_100_BBIOP2259-24_fcleaner,BBIOP2259-24,r_1_s_100_fcleaner,>BBIOP2259-24_r_1_s_100_BBIOP2259-24_fcleaner,1720622,WJR82112.1,genus:Amphimallon,null,387,null,null,0.0,111.0,33.47,25.0,0,83,27,0,3,74.56
BBIOP2239-24_r_1_s_100_BBIOP2239-24_fcleaner,BBIOP2239-24,r_1_s_100_fcleaner,>BBIOP2239-24_r_1_s_100_BBIOP2239-24_fcleaner,702309,AND96251.1,family:Scarabaeidae,null,275,null,null,0.0,81.0,22.99,18.0,0,21,15,0,1,81.59
BBIOP2274-24_r_1.3_s_50_BBIOP2274-24_fcleaner,BBIOP2274-24,r_1.3_s_50_fcleaner,>BBIOP2274-24_r_1.3_s_50_BBIOP2274-24_fcleaner,1971888,XCN33691.1,subfamily:Melolonthinae,null,979,null,null,0.0,76.0,32.46,34.0,0,228,29,0,0,99.61
BBIOP2246-24_r_1.3_s_100_BBIOP2246-24_fcleaner,BBIOP2246-24,r_1.3_s_100_fcleaner,>BBIOP2246-24_r_1.3_s_100_BBIOP2246-24_fcleaner,1720622,WJR82112.1,genus:Amphimallon,null,793,null,null,13.0,115.0,43.0,39.0,0,31,7,0,0,100.0
BBIOP2262-24_r_1.3_s_50_BBIOP2262-24_fcleaner,BBIOP2262-24,r_1.3_s_50_fcleaner,>BBIOP2262-24_r_1.3_s_50_BBIOP2262-24_fcleaner,1720622,WJR82112.1,genus:Amphimallon,null,6188,null,null,56.0,613.0,257.99,236.0,0,654,54,0,0,100.0
BBIOP2199-24_r_1_s_100_BBIOP2199-24_fcleaner,BBIOP2199-24,r_1_s_100_fcleaner,>BBIOP2199-24_r_1_s_100_BBIOP2199-24_fcleaner,166332,AND96251.1,genus:Onthophagus,null,2588,null,null,0.0,465.0,181.65,163.0,0,726,33,0,0,99.42
BBIOP2218-24_r_1.3_s_50_BBIOP2218-24_fcleaner,BBIOP2218-24,r_1.3_s_50_fcleaner,>BBIOP2218-24_r_1.3_s_50_BBIOP2218-24_fcleaner,702309,AND96251.1,family:Scarabaeidae,null,1310,null,null,0.0,174.0,44.84,38.0,0,324,24,0,0,96.32
BBIOP2271-24_r_1_s_50_BBIOP2271-24_fcleaner,BBIOP2271-24,r_1_s_50_fcleaner,>BBIOP2271-24_r_1_s_50_BBIOP2271-24_fcleaner,1720622,WJR82112.1,genus:Amphimallon,null,3574,null,null,0.0,366.0,119.15,109.0,0,2029,62,0,0,99.02
BBIOP2244-24_r_1_s_50_BBIOP2244-24_fcleaner,BBIOP2244-24,r_1_s_50_fcleaner,>BBIOP2244-24_r_1_s_50_BBIOP2244-24_fcleaner,702309,AND96251.1,family:Scarabaeidae,null,802,null,null,0.0,94.0,29.24,29.0,0,232,33,0,0,99.22
BBIOP2272-24_r_1.5_s_50_BBIOP2272-24_fcleaner,BBIOP2272-24,r_1.5_s_50_fcleaner,>BBIOP2272-24_r_1.5_s_50_BBIOP2272-24_fcleaner,1971888,XCN33691.1,subfamily:Melolonthinae,null,66,null,null,0.0,28.0,2.84,0.0,0,32,0,0,0,30.8
BBIOP2273-24_r_1.5_s_50_BBIOP2273-24_fcleaner,BBIOP2273-24,r_1.5_s_50_fcleaner,>BBIOP2273-24_r_1.5_s_50_BBIOP2273-24_fcleaner,1971888,XCN33691.1,subfamily:Melolonthinae,null,160,null,null,0.0,36.0,4.7,0.0,0,100,2,0,0,41.13
BBIOP2231-24_r_1_s_100_BBIOP2231-24_fcleaner,BBIOP2231-24,r_1_s_100_fcleaner,>BBIOP2231-24_r_1_s_100_BBIOP2231-24_fcleaner,702309,AND96251.1,family:Scarabaeidae,null,821,null,null,0.0,96.0,43.74,42.0,0,137,13,0,0,98.84
BBIOP2271-24_r_1.3_s_100_BBIOP2271-24_fcleaner,BBIOP2271-24,r_1.3_s_100_fcleaner,>BBIOP2271-24_r_1.3_s_100_BBIOP2271-24_fcleaner,1720622,WJR82112.1,genus:Amphimallon,null,839,null,null,0.0,139.0,38.61,33.0,0,352,10,0,0,98.24
BBIOP2239-24_r_1.3_s_100_BBIOP2239-24_fcleaner,BBIOP2239-24,r_1.3_s_100_fcleaner,>BBIOP2239-24_r_1.3_s_100_BBIOP2239-24_fcleaner,702309,AND96251.1,family:Scarabaeidae,null,45,null,null,0.0,34.0,3.24,0.0,0,24,0,0,0,33.91
BBIOP2191-24_r_1_s_50_BBIOP2191-24_fcleaner,BBIOP2191-24,r_1_s_50_fcleaner,>BBIOP2191-24_r_1_s_50_BBIOP2191-24_fcleaner,166340,AND96355.1,species:Bubas bubalus,null,4820,null,null,121.0,591.0,280.13,260.0,0,936,79,0,0,100.0
BBIOP2233-24_r_1_s_100_BBIOP2233-24_fcleaner,BBIOP2233-24,r_1_s_100_fcleaner,>BBIOP2233-24_r_1_s_100_BBIOP2233-24_fcleaner,702309,AND96251.1,family:Scarabaeidae,null,64,null,null,0.0,16.0,3.09,2.0,0,19,0,0,0,51.36
BBIOP2270-24_r_1.3_s_100_BBIOP2270-24_fcleaner,BBIOP2270-24,r_1.3_s_100_fcleaner,>BBIOP2270-24_r_1.3_s_100_BBIOP2270-24_fcleaner,1720622,WJR82112.1,genus:Amphimallon,null,82,null,null,0.0,34.0,3.74,0.0,0,304,1,0,0,35.62
BBIOP2195-24_r_1.3_s_100_BBIOP2195-24_fcleaner,BBIOP2195-24,r_1.3_s_100_fcleaner,>BBIOP2195-24_r_1.3_s_100_BBIOP2195-24_fcleaner,166346,AND96329.1,genus:Onitis,null,1120,null,null,0.0,193.0,53.48,48.0,0,337,100,0,0,99.42
BBIOP2249-24_r_1.5_s_50_BBIOP2249-24_fcleaner,BBIOP2249-24,r_1.5_s_50_fcleaner,>BBIOP2249-24_r_1.5_s_50_BBIOP2249-24_fcleaner,1720622,WJR82112.1,genus:Amphimallon,null,389,null,null,0.0,40.0,13.62,12.0,0,70,2,0,0,91.19
BBIOP2262-24_r_1.3_s_100_BBIOP2262-24_fcleaner,BBIOP2262-24,r_1.3_s_100_fcleaner,>BBIOP2262-24_r_1.3_s_100_BBIOP2262-24_fcleaner,1720622,WJR82112.1,genus:Amphimallon,null,3102,null,null,30.0,497.0,162.38,138.0,0,133,21,0,0,100.0
BBIOP2190-24_r_1_s_50_BBIOP2190-24_fcleaner,BBIOP2190-24,r_1_s_50_fcleaner,>BBIOP2190-24_r_1_s_50_BBIOP2190-24_fcleaner,166326,AND96368.1,species:Bubas bison,null,660,null,null,0.0,146.0,40.21,40.5,0,82,44,0,3,88.09
BBIOP2215-24_r_1.3_s_100_BBIOP2215-24_fcleaner,BBIOP2215-24,r_1.3_s_100_fcleaner,>BBIOP2215-24_r_1.3_s_100_BBIOP2215-24_fcleaner,702309,AND96251.1,family:Scarabaeidae,null,1042,null,null,0.0,234.0,49.69,42.0,0,62,10,0,0,98.64
BBIOP2236-24_r_1.5_s_100_BBIOP2236-24_fcleaner,BBIOP2236-24,r_1.5_s_100_fcleaner,>BBIOP2236-24_r_1.5_s_100_BBIOP2236-24_fcleaner,702309,AND96251.1,family:Scarabaeidae,null,233,null,null,0.0,32.0,11.26,10.0,0,28,12,0,0,81.59
BBIOP2225-24_r_1.5_s_100_BBIOP2225-24_fcleaner,BBIOP2225-24,r_1.5_s_100_fcleaner,>BBIOP2225-24_r_1.5_s_100_BBIOP2225-24_fcleaner,702309,AND96251.1,family:Scarabaeidae,null,1463,null,null,0.0,153.0,79.74,87.5,0,129,54,0,0,91.86
BBIOP2245-24_r_1.5_s_50_BBIOP2245-24_fcleaner,BBIOP2245-24,r_1.5_s_50_fcleaner,>BBIOP2245-24_r_1.5_s_50_BBIOP2245-24_fcleaner,1720622,WJR82112.1,genus:Amphimallon,null,1721,null,null,2.0,185.0,79.38,73.0,0,142,14,0,0,100.0
BBIOP2234-24_r_1.5_s_100_BBIOP2234-24_fcleaner,BBIOP2234-24,r_1.5_s_100_fcleaner,>BBIOP2234-24_r_1.5_s_100_BBIOP2234-24_fcleaner,702309,AND96251.1,family:Scarabaeidae,null,2,null,null,0.0,2.0,0.19,0.0,0,0,1,0,0,9.69
BBIOP2222-24_r_1.5_s_50_BBIOP2222-24_fcleaner,BBIOP2222-24,r_1.5_s_50_fcleaner,>BBIOP2222-24_r_1.5_s_50_BBIOP2222-24_fcleaner,702309,AND96251.1,family:Scarabaeidae,null,316,null,null,0.0,68.0,12.6,8.0,0,102,8,0,0,87.6
BBIOP2255-24_r_1.5_s_50_BBIOP2255-24_fcleaner,BBIOP2255-24,r_1.5_s_50_fcleaner,>BBIOP2255-24_r_1.5_s_50_BBIOP2255-24_fcleaner,1720622,WJR82112.1,genus:Amphimallon,null,1535,null,null,0.0,173.0,53.61,47.0,0,267,5,0,0,97.06
BBIOP2205-24_r_1.3_s_50_BBIOP2205-24_fcleaner,BBIOP2205-24,r_1.3_s_50_fcleaner,>BBIOP2205-24_r_1.3_s_50_BBIOP2205-24_fcleaner,166353,AND96251.1,genus:Onthophagus,null,66,null,null,0.0,20.0,2.92,0.0,0,10,2,0,0,49.81
BBIOP2259-24_r_1_s_50_BBIOP2259-24_fcleaner,BBIOP2259-24,r_1_s_50_fcleaner,>BBIOP2259-24_r_1_s_50_BBIOP2259-24_fcleaner,1720622,WJR82112.1,genus:Amphimallon,null,629,null,null,0.0,139.0,40.18,35.0,0,337,57,0,3,86.5
BBIOP2210-24_r_1_s_100_BBIOP2210-24_fcleaner,BBIOP2210-24,r_1_s_100_fcleaner,>BBIOP2210-24_r_1_s_100_BBIOP2210-24_fcleaner,2722828,YP_010631648.1,family:Glaphyridae,null,2250,null,null,0.0,279.0,119.51,110.0,0,595,43,0,0,99.8
BBIOP2209-24_r_1_s_100_BBIOP2209-24_fcleaner,BBIOP2209-24,r_1_s_100_fcleaner,>BBIOP2209-24_r_1_s_100_BBIOP2209-24_fcleaner,2722829,YP_010631648.1,family:Glaphyridae,null,323,null,null,0.0,79.0,27.03,20.0,0,215,22,0,0,79.26
BBIOP2228-24_r_1.5_s_100_BBIOP2228-24_fcleaner,BBIOP2228-24,r_1.5_s_100_fcleaner,>BBIOP2228-24_r_1.5_s_100_BBIOP2228-24_fcleaner,702309,AND96251.1,family:Scarabaeidae,null,8,null,null,0.0,8.0,0.3,0.0,0,15,0,0,0,3.88
BBIOP2194-24_r_1_s_100_BBIOP2194-24_fcleaner,BBIOP2194-24,r_1_s_100_fcleaner,>BBIOP2194-24_r_1_s_100_BBIOP2194-24_fcleaner,166346,AND96329.1,genus:Onitis,null,1783,null,null,0.0,401.0,93.82,75.0,0,373,145,0,0,99.81
BBIOP2224-24_r_1.3_s_50_BBIOP2224-24_fcleaner,BBIOP2224-24,r_1.3_s_50_fcleaner,>BBIOP2224-24_r_1.3_s_50_BBIOP2224-24_fcleaner,702309,AND96251.1,family:Scarabaeidae,null,957,null,null,0.0,136.0,29.25,22.0,0,282,51,0,0,92.44
BBIOP2224-24_r_1_s_100_BBIOP2224-24_fcleaner,BBIOP2224-24,r_1_s_100_fcleaner,>BBIOP2224-24_r_1_s_100_BBIOP2224-24_fcleaner,702309,AND96251.1,family:Scarabaeidae,null,231,null,null,0.0,46.0,19.2,21.0,0,135,18,0,3,86.63
BBIOP2222-24_r_1.3_s_100_BBIOP2222-24_fcleaner,BBIOP2222-24,r_1.3_s_100_fcleaner,>BBIOP2222-24_r_1.3_s_100_BBIOP2222-24_fcleaner,702309,AND96251.1,family:Scarabaeidae,null,121,null,null,0.0,36.0,6.53,4.0,0,94,3,0,0,70.74
BBIOP2198-24_r_1.5_s_50_BBIOP2198-24_fcleaner,BBIOP2198-24,r_1.5_s_50_fcleaner,>BBIOP2198-24_r_1.5_s_50_BBIOP2198-24_fcleaner,166365,AND96251.1,tribe:Onthophagini,null,24966,null,null,0.0,2391.0,1479.97,1471.0,0,2858,241,0,0,99.22
BBIOP2236-24_r_1.3_s_50_BBIOP2236-24_fcleaner,BBIOP2236-24,r_1.3_s_50_fcleaner,>BBIOP2236-24_r_1.3_s_50_BBIOP2236-24_fcleaner,702309,AND96251.1,family:Scarabaeidae,null,932,null,null,0.0,97.0,31.76,32.0,0,258,66,0,0,98.45
BBIOP2272-24_r_1.5_s_100_BBIOP2272-24_fcleaner,BBIOP2272-24,r_1.5_s_100_fcleaner,>BBIOP2272-24_r_1.5_s_100_BBIOP2272-24_fcleaner,1971888,XCN33691.1,subfamily:Melolonthinae,null,14,null,null,0.0,14.0,0.97,0.0,0,28,1,0,0,10.14
BBIOP2243-24_r_1.5_s_100_BBIOP2243-24_fcleaner,BBIOP2243-24,r_1.5_s_100_fcleaner,>BBIOP2243-24_r_1.5_s_100_BBIOP2243-24_fcleaner,702309,AND96251.1,family:Scarabaeidae,null,105499,null,null,0.0,12213.0,5431.42,5272.5,0,7482,1416,0,0,97.67
BBIOP2238-24_r_1.3_s_100_BBIOP2238-24_fcleaner,BBIOP2238-24,r_1.3_s_100_fcleaner,>BBIOP2238-24_r_1.3_s_100_BBIOP2238-24_fcleaner,702309,AND96251.1,family:Scarabaeidae,null,95,null,null,0.0,18.0,4.62,4.0,0,153,5,0,0,76.94
BBIOP2268-24_r_1.3_s_50_BBIOP2268-24_fcleaner,BBIOP2268-24,r_1.3_s_50_fcleaner,>BBIOP2268-24_r_1.3_s_50_BBIOP2268-24_fcleaner,1720622,WJR82112.1,genus:Amphimallon,null,323877,null,null,1322.0,23207.0,12395.93,12432.0,0,41609,3025,0,0,100.0
BBIOP2280-24_r_1.5_s_50_BBIOP2280-24_fcleaner,BBIOP2280-24,r_1.5_s_50_fcleaner,>BBIOP2280-24_r_1.5_s_50_BBIOP2280-24_fcleaner,1971888,XCN33691.1,subfamily:Melolonthinae,null,3397,null,null,0.0,703.0,118.02,100.0,0,292,24,0,0,99.81
BBIOP2229-24_r_1_s_100_BBIOP2229-24_fcleaner,BBIOP2229-24,r_1_s_100_fcleaner,>BBIOP2229-24_r_1_s_100_BBIOP2229-24_fcleaner,702309,AND96251.1,family:Scarabaeidae,null,45,null,null,0.0,12.0,1.95,0.0,0,105,2,0,0,49.61
BBIOP2239-24_r_1.5_s_50_BBIOP2239-24_fcleaner,BBIOP2239-24,r_1.5_s_50_fcleaner,>BBIOP2239-24_r_1.5_s_50_BBIOP2239-24_fcleaner,702309,AND96251.1,family:Scarabaeidae,null,44,null,null,0.0,34.0,1.36,0.0,0,33,0,0,0,14.73
BBIOP2251-24_r_1_s_50_BBIOP2251-24_fcleaner,BBIOP2251-24,r_1_s_50_fcleaner,>BBIOP2251-24_r_1_s_50_BBIOP2251-24_fcleaner,1720622,WJR82112.1,genus:Amphimallon,null,784,null,null,0.0,164.0,49.99,50.0,0,208,57,0,3,93.54
BBIOP2189-24_r_1.5_s_50_BBIOP2189-24_fcleaner,BBIOP2189-24,r_1.5_s_50_fcleaner,>BBIOP2189-24_r_1.5_s_50_BBIOP2189-24_fcleaner,206731,YP_009729770.1,genus:Copris,null,5833,null,null,303.0,636.0,469.5,483.0,0,150,95,0,0,100.0
BBIOP2221-24_r_1.5_s_50_BBIOP2221-24_fcleaner,BBIOP2221-24,r_1.5_s_50_fcleaner,>BBIOP2221-24_r_1.5_s_50_BBIOP2221-24_fcleaner,702309,AND96251.1,family:Scarabaeidae,null,1430,null,null,0.0,152.0,50.81,47.5,0,164,24,0,0,96.32
BBIOP2223-24_r_1.5_s_100_BBIOP2223-24_fcleaner,BBIOP2223-24,r_1.5_s_100_fcleaner,>BBIOP2223-24_r_1.5_s_100_BBIOP2223-24_fcleaner,702309,AND96251.1,family:Scarabaeidae,null,232,null,null,0.0,64.0,10.98,8.0,0,24,0,0,0,78.68
BBIOP2247-24_r_1.3_s_50_BBIOP2247-24_fcleaner,BBIOP2247-24,r_1.3_s_50_fcleaner,>BBIOP2247-24_r_1.3_s_50_BBIOP2247-24_fcleaner,1720622,WJR82112.1,genus:Amphimallon,null,12778,null,null,225.0,1234.0,696.85,676.0,0,988,110,0,0,100.0
BBIOP2251-24_r_1.3_s_100_BBIOP2251-24_fcleaner,BBIOP2251-24,r_1.3_s_100_fcleaner,>BBIOP2251-24_r_1.3_s_100_BBIOP2251-24_fcleaner,1720622,WJR82112.1,genus:Amphimallon,null,72,null,null,0.0,48.0,6.25,2.0,0,6,3,0,0,56.75
BBIOP2246-24_r_1_s_100_BBIOP2246-24_fcleaner,BBIOP2246-24,r_1_s_100_fcleaner,>BBIOP2246-24_r_1_s_100_BBIOP2246-24_fcleaner,1720622,WJR82112.1,genus:Amphimallon,null,801,null,null,14.0,115.0,43.46,40.0,0,41,7,0,0,100.0
BBIOP2195-24_r_1_s_50_BBIOP2195-24_fcleaner,BBIOP2195-24,r_1_s_50_fcleaner,>BBIOP2195-24_r_1_s_50_BBIOP2195-24_fcleaner,166346,AND96329.1,genus:Onitis,null,3301,null,null,0.0,272.0,119.84,114.0,0,1803,309,0,0,99.61
BBIOP2220-24_r_1.3_s_50_BBIOP2220-24_fcleaner,BBIOP2220-24,r_1.3_s_50_fcleaner,>BBIOP2220-24_r_1.3_s_50_BBIOP2220-24_fcleaner,702309,AND96251.1,family:Scarabaeidae,null,493,null,null,0.0,60.0,18.48,18.0,0,122,36,0,0,95.35
BBIOP2215-24_r_1.5_s_100_BBIOP2215-24_fcleaner,BBIOP2215-24,r_1.5_s_100_fcleaner,>BBIOP2215-24_r_1.5_s_100_BBIOP2215-24_fcleaner,702309,AND96251.1,family:Scarabaeidae,null,1001,null,null,0.0,234.0,47.45,40.0,0,24,8,0,0,93.02
BBIOP2253-24_r_1_s_50_BBIOP2253-24_fcleaner,BBIOP2253-24,r_1_s_50_fcleaner,>BBIOP2253-24_r_1_s_50_BBIOP2253-24_fcleaner,1720622,WJR82112.1,genus:Amphimallon,null,458,null,null,0.0,110.0,23.35,15.0,0,530,38,0,0,86.3
BBIOP2277-24_r_1.3_s_100_BBIOP2277-24_fcleaner,BBIOP2277-24,r_1.3_s_100_fcleaner,>BBIOP2277-24_r_1.3_s_100_BBIOP2277-24_fcleaner,1971888,XCN33691.1,subfamily:Melolonthinae,null,32,null,null,0.0,11.0,2.42,2.0,0,56,2,0,0,52.63
BBIOP2246-24_r_1.3_s_50_BBIOP2246-24_fcleaner,BBIOP2246-24,r_1.3_s_50_fcleaner,>BBIOP2246-24_r_1.3_s_50_BBIOP2246-24_fcleaner,1720622,WJR82112.1,genus:Amphimallon,null,1431,null,null,22.0,142.0,62.78,56.0,0,110,0,0,0,100.0
BBIOP2213-24_r_1_s_100_BBIOP2213-24_fcleaner,BBIOP2213-24,r_1_s_100_fcleaner,>BBIOP2213-24_r_1_s_100_BBIOP2213-24_fcleaner,2722830,YP_010631648.1,family:Glaphyridae,null,4009,null,null,0.0,552.0,207.03,188.0,0,265,46,0,0,99.8
BBIOP2192-24_r_1.3_s_100_BBIOP2192-24_fcleaner,BBIOP2192-24,r_1.3_s_100_fcleaner,>BBIOP2192-24_r_1.3_s_100_BBIOP2192-24_fcleaner,166330,AND96329.1,genus:Onitis,null,199,null,null,0.0,44.0,12.36,10.0,0,90,12,0,0,78.45
BBIOP2260-24_r_1_s_100_BBIOP2260-24_fcleaner,BBIOP2260-24,r_1_s_100_fcleaner,>BBIOP2260-24_r_1_s_100_BBIOP2260-24_fcleaner,1720622,WJR82112.1,genus:Amphimallon,null,310,null,null,0.0,92.0,27.25,26.0,0,119,29,0,3,88.45
BBIOP2187-24_r_1.3_s_100_BBIOP2187-24_fcleaner,BBIOP2187-24,r_1.3_s_100_fcleaner,>BBIOP2187-24_r_1.3_s_100_BBIOP2187-24_fcleaner,166368,XPK45401.1,genus:Gymnopleurus,null,8774,null,null,0.0,1688.0,501.35,408.0,0,2559,73,0,0,99.81
BBIOP2229-24_r_1.3_s_50_BBIOP2229-24_fcleaner,BBIOP2229-24,r_1.3_s_50_fcleaner,>BBIOP2229-24_r_1.3_s_50_BBIOP2229-24_fcleaner,702309,AND96251.1,family:Scarabaeidae,null,430,null,null,0.0,43.0,14.93,14.0,0,44,8,0,0,96.32
BBIOP2192-24_r_1.5_s_100_BBIOP2192-24_fcleaner,BBIOP2192-24,r_1.5_s_100_fcleaner,>BBIOP2192-24_r_1.5_s_100_BBIOP2192-24_fcleaner,166330,AND96329.1,genus:Onitis,null,197,null,null,0.0,45.0,11.62,10.0,0,38,6,0,0,79.42
BBIOP2261-24_r_1.5_s_50_BBIOP2261-24_fcleaner,BBIOP2261-24,r_1.5_s_50_fcleaner,>BBIOP2261-24_r_1.5_s_50_BBIOP2261-24_fcleaner,1720622,WJR82112.1,genus:Amphimallon,null,2477,null,null,0.0,335.0,85.11,64.0,0,362,16,0,0,97.65
BBIOP2193-24_r_1.3_s_50_BBIOP2193-24_fcleaner,BBIOP2193-24,r_1.3_s_50_fcleaner,>BBIOP2193-24_r_1.3_s_50_BBIOP2193-24_fcleaner,166330,AND96329.1,genus:Onitis,null,20423,null,null,0.0,1387.0,753.54,750.0,0,4054,169,0,0,99.81
BBIOP2217-24_r_1_s_50_BBIOP2217-24_fcleaner,BBIOP2217-24,r_1_s_50_fcleaner,>BBIOP2217-24_r_1_s_50_BBIOP2217-24_fcleaner,702309,AND96251.1,family:Scarabaeidae,null,1033,null,null,0.0,104.0,38.39,38.5,0,340,31,0,0,99.03
BBIOP2198-24_r_1.3_s_50_BBIOP2198-24_fcleaner,BBIOP2198-24,r_1.3_s_50_fcleaner,>BBIOP2198-24_r_1.3_s_50_BBIOP2198-24_fcleaner,166365,AND96251.1,tribe:Onthophagini,null,25534,null,null,0.0,2402.0,1508.78,1477.5,0,3817,267,0,0,99.22
BBIOP2261-24_r_1.3_s_50_BBIOP2261-24_fcleaner,BBIOP2261-24,r_1.3_s_50_fcleaner,>BBIOP2261-24_r_1.3_s_50_BBIOP2261-24_fcleaner,1720622,WJR82112.1,genus:Amphimallon,null,2700,null,null,8.0,343.0,93.25,71.0,0,700,20,0,0,100.0
BBIOP2200-24_r_1.3_s_50_BBIOP2200-24_fcleaner,BBIOP2200-24,r_1.3_s_50_fcleaner,>BBIOP2200-24_r_1.3_s_50_BBIOP2200-24_fcleaner,166332,AND96251.1,genus:Onthophagus,null,835,null,null,0.0,120.0,37.08,35.5,0,878,17,0,0,99.81
BBIOP2232-24_r_1.5_s_100_BBIOP2232-24_fcleaner,BBIOP2232-24,r_1.5_s_100_fcleaner,>BBIOP2232-24_r_1.5_s_100_BBIOP2232-24_fcleaner,702309,AND96251.1,family:Scarabaeidae,null,584,null,null,0.0,78.0,32.42,33.0,0,27,9,0,0,90.5
BBIOP2257-24_r_1.3_s_50_BBIOP2257-24_fcleaner,BBIOP2257-24,r_1.3_s_50_fcleaner,>BBIOP2257-24_r_1.3_s_50_BBIOP2257-24_fcleaner,1720622,WJR82112.1,genus:Amphimallon,null,1976,null,null,0.0,351.0,62.09,48.0,0,581,14,0,0,97.26
BBIOP2262-24_r_1.5_s_50_BBIOP2262-24_fcleaner,BBIOP2262-24,r_1.5_s_50_fcleaner,>BBIOP2262-24_r_1.5_s_50_BBIOP2262-24_fcleaner,1720622,WJR82112.1,genus:Amphimallon,null,5299,null,null,6.0,613.0,221.7,194.0,0,469,31,0,0,100.0
BBIOP2275-24_r_1.5_s_100_BBIOP2275-24_fcleaner,BBIOP2275-24,r_1.5_s_100_fcleaner,>BBIOP2275-24_r_1.5_s_100_BBIOP2275-24_fcleaner,1971888,XCN33691.1,subfamily:Melolonthinae,null,709,null,null,0.0,158.0,31.54,28.0,0,102,4,0,0,96.1
BBIOP2208-24_r_1_s_50_BBIOP2208-24_fcleaner,BBIOP2208-24,r_1_s_50_fcleaner,>BBIOP2208-24_r_1_s_50_BBIOP2208-24_fcleaner,166359,AND96251.1,genus:Onthophagus,null,567,null,null,0.0,80.0,23.65,19.0,0,608,56,0,0,90.5
BBIOP2255-24_r_1_s_50_BBIOP2255-24_fcleaner,BBIOP2255-24,r_1_s_50_fcleaner,>BBIOP2255-24_r_1_s_50_BBIOP2255-24_fcleaner,1720622,WJR82112.1,genus:Amphimallon,null,1660,null,null,0.0,172.0,57.99,52.0,0,631,14,0,0,97.65
BBIOP2280-24_r_1_s_50_BBIOP2280-24_fcleaner,BBIOP2280-24,r_1_s_50_fcleaner,>BBIOP2280-24_r_1_s_50_BBIOP2280-24_fcleaner,1971888,XCN33691.1,subfamily:Melolonthinae,null,3735,null,null,0.0,718.0,129.59,110.0,0,488,41,0,0,99.81
BBIOP2271-24_r_1_s_100_BBIOP2271-24_fcleaner,BBIOP2271-24,r_1_s_100_fcleaner,>BBIOP2271-24_r_1_s_100_BBIOP2271-24_fcleaner,1720622,WJR82112.1,genus:Amphimallon,null,594,null,null,0.0,104.0,27.37,28.0,0,974,8,0,0,82.78
BBIOP2220-24_r_1.5_s_50_BBIOP2220-24_fcleaner,BBIOP2220-24,r_1.5_s_50_fcleaner,>BBIOP2220-24_r_1.5_s_50_BBIOP2220-24_fcleaner,702309,AND96251.1,family:Scarabaeidae,null,392,null,null,0.0,40.0,14.77,14.0,0,71,31,0,0,93.02
BBIOP2225-24_r_1.3_s_50_BBIOP2225-24_fcleaner,BBIOP2225-24,r_1.3_s_50_fcleaner,>BBIOP2225-24_r_1.3_s_50_BBIOP2225-24_fcleaner,702309,AND96251.1,family:Scarabaeidae,null,2836,null,null,0.0,210.0,128.08,136.5,0,391,96,0,0,98.84
BBIOP2274-24_r_1_s_100_BBIOP2274-24_fcleaner,BBIOP2274-24,r_1_s_100_fcleaner,>BBIOP2274-24_r_1_s_100_BBIOP2274-24_fcleaner,1971888,XCN33691.1,subfamily:Melolonthinae,null,86,null,null,0.0,39.0,5.93,2.0,0,415,4,0,1,56.92
BBIOP2252-24_r_1.5_s_100_BBIOP2252-24_fcleaner,BBIOP2252-24,r_1.5_s_100_fcleaner,>BBIOP2252-24_r_1.5_s_100_BBIOP2252-24_fcleaner,1720622,WJR82112.1,genus:Amphimallon,null,1413,null,null,2.0,280.0,66.83,56.0,0,44,30,0,0,100.0
BBIOP2263-24_r_1.3_s_100_BBIOP2263-24_fcleaner,BBIOP2263-24,r_1.3_s_100_fcleaner,>BBIOP2263-24_r_1.3_s_100_BBIOP2263-24_fcleaner,1720622,WJR82112.1,genus:Amphimallon,null,461,null,null,0.0,136.0,31.21,16.0,0,115,48,0,0,79.06
BBIOP2271-24_r_1.5_s_100_BBIOP2271-24_fcleaner,BBIOP2271-24,r_1.5_s_100_fcleaner,>BBIOP2271-24_r_1.5_s_100_BBIOP2271-24_fcleaner,1720622,WJR82112.1,genus:Amphimallon,null,918,null,null,0.0,147.0,42.7,34.0,0,59,14,0,0,98.24
BBIOP2275-24_r_1_s_50_BBIOP2275-24_fcleaner,BBIOP2275-24,r_1_s_50_fcleaner,>BBIOP2275-24_r_1_s_50_BBIOP2275-24_fcleaner,1971888,XCN33691.1,subfamily:Melolonthinae,null,3344,null,null,0.0,520.0,107.67,89.0,0,1519,59,0,0,99.81
BBIOP2227-24_r_1_s_50_BBIOP2227-24_fcleaner,BBIOP2227-24,r_1_s_50_fcleaner,>BBIOP2227-24_r_1_s_50_BBIOP2227-24_fcleaner,702309,AND96251.1,family:Scarabaeidae,null,588,null,null,0.0,121.0,36.45,34.0,0,234,45,0,0,84.11
BBIOP2209-24_r_1.3_s_50_BBIOP2209-24_fcleaner,BBIOP2209-24,r_1.3_s_50_fcleaner,>BBIOP2209-24_r_1.3_s_50_BBIOP2209-24_fcleaner,2722829,YP_010631648.1,family:Glaphyridae,null,279,null,null,0.0,32.0,9.94,10.0,0,266,4,0,0,93.93
BBIOP2259-24_r_1.5_s_100_BBIOP2259-24_fcleaner,BBIOP2259-24,r_1.5_s_100_fcleaner,>BBIOP2259-24_r_1.5_s_100_BBIOP2259-24_fcleaner,1720622,WJR82112.1,genus:Amphimallon,null,25,null,null,0.0,6.0,1.46,0.0,0,50,0,0,0,45.99
BBIOP2191-24_r_1_s_100_BBIOP2191-24_fcleaner,BBIOP2191-24,r_1_s_100_fcleaner,>BBIOP2191-24_r_1_s_100_BBIOP2191-24_fcleaner,166340,AND96355.1,species:Bubas bubalus,null,3787,null,null,103.0,553.0,247.65,223.0,0,708,71,0,0,100.0
BBIOP2218-24_r_1.5_s_100_BBIOP2218-24_fcleaner,BBIOP2218-24,r_1.5_s_100_fcleaner,>BBIOP2218-24_r_1.5_s_100_BBIOP2218-24_fcleaner,702309,AND96251.1,family:Scarabaeidae,null,317,null,null,0.0,80.0,14.12,8.0,0,59,2,0,0,77.91
BBIOP2257-24_r_1_s_100_BBIOP2257-24_fcleaner,BBIOP2257-24,r_1_s_100_fcleaner,>BBIOP2257-24_r_1_s_100_BBIOP2257-24_fcleaner,1720622,WJR82112.1,genus:Amphimallon,null,127,null,null,0.0,52.0,9.9,6.0,0,376,12,0,0,68.88
BBIOP2220-24_r_1_s_50_BBIOP2220-24_fcleaner,BBIOP2220-24,r_1_s_50_fcleaner,>BBIOP2220-24_r_1_s_50_BBIOP2220-24_fcleaner,702309,AND96251.1,family:Scarabaeidae,null,610,null,null,0.0,62.0,22.61,20.0,0,250,50,0,0,99.81
BBIOP2216-24_r_1.5_s_50_BBIOP2216-24_fcleaner,BBIOP2216-24,r_1.5_s_50_fcleaner,>BBIOP2216-24_r_1.5_s_50_BBIOP2216-24_fcleaner,702309,AND96251.1,family:Scarabaeidae,null,336,null,null,0.0,65.0,12.14,6.0,0,71,4,0,0,83.91
BBIOP2190-24_r_1.3_s_100_BBIOP2190-24_fcleaner,BBIOP2190-24,r_1.3_s_100_fcleaner,>BBIOP2190-24_r_1.3_s_100_BBIOP2190-24_fcleaner,166326,AND96368.1,species:Bubas bison,null,2,null,null,0.0,1.0,0.15,0.0,0,70,0,0,0,15.23
BBIOP2266-24_r_1.5_s_100_BBIOP2266-24_fcleaner,BBIOP2266-24,r_1.5_s_100_fcleaner,>BBIOP2266-24_r_1.5_s_100_BBIOP2266-24_fcleaner,1720622,WJR82112.1,genus:Amphimallon,null,1899,null,null,21.0,193.0,104.04,107.0,0,35,25,0,0,100.0
BBIOP2250-24_r_1.5_s_100_BBIOP2250-24_fcleaner,BBIOP2250-24,r_1.5_s_100_fcleaner,>BBIOP2250-24_r_1.5_s_100_BBIOP2250-24_fcleaner,1720622,WJR82112.1,genus:Amphimallon,null,68,null,null,0.0,18.0,3.48,2.0,0,8,0,0,0,57.34
BBIOP2248-24_r_1.3_s_50_BBIOP2248-24_fcleaner,BBIOP2248-24,r_1.3_s_50_fcleaner,>BBIOP2248-24_r_1.3_s_50_BBIOP2248-24_fcleaner,1720622,WJR82112.1,genus:Amphimallon,null,600,null,null,0.0,56.0,21.1,20.0,0,117,11,0,0,99.02
BBIOP2230-24_r_1.3_s_50_BBIOP2230-24_fcleaner,BBIOP2230-24,r_1.3_s_50_fcleaner,>BBIOP2230-24_r_1.3_s_50_BBIOP2230-24_fcleaner,702309,AND96251.1,family:Scarabaeidae,null,358,null,null,0.0,38.0,12.59,12.0,0,79,26,0,0,94.19
BBIOP2194-24_r_1.5_s_100_BBIOP2194-24_fcleaner,BBIOP2194-24,r_1.5_s_100_fcleaner,>BBIOP2194-24_r_1.5_s_100_BBIOP2194-24_fcleaner,166346,AND96329.1,genus:Onitis,null,1694,null,null,0.0,397.0,88.77,70.0,0,332,142,0,0,99.42
BBIOP2186-24_r_1.3_s_100_BBIOP2186-24_fcleaner,BBIOP2186-24,r_1.3_s_100_fcleaner,>BBIOP2186-24_r_1.3_s_100_BBIOP2186-24_fcleaner,1172027,AND96251.1,subfamily:Scarabaeinae,null,674,null,null,0.0,117.0,30.22,27.0,0,299,6,0,0,92.83
BBIOP2227-24_r_1.5_s_100_BBIOP2227-24_fcleaner,BBIOP2227-24,r_1.5_s_100_fcleaner,>BBIOP2227-24_r_1.5_s_100_BBIOP2227-24_fcleaner,702309,AND96251.1,family:Scarabaeidae,null,28,null,null,0.0,16.0,1.14,0.0,0,0,0,0,0,15.7
BBIOP2250-24_r_1_s_100_BBIOP2250-24_fcleaner,BBIOP2250-24,r_1_s_100_fcleaner,>BBIOP2250-24_r_1_s_100_BBIOP2250-24_fcleaner,1720622,WJR82112.1,genus:Amphimallon,null,82,null,null,0.0,19.0,6.72,5.0,0,103,7,0,3,86.11
BBIOP2268-24_r_1_s_100_BBIOP2268-24_fcleaner,BBIOP2268-24,r_1_s_100_fcleaner,>BBIOP2268-24_r_1_s_100_BBIOP2268-24_fcleaner,1720622,WJR82112.1,genus:Amphimallon,null,134638,null,null,1305.0,11217.0,6637.08,6388.0,0,9895,1561,0,0,100.0
BBIOP2264-24_r_1.5_s_100_BBIOP2264-24_fcleaner,BBIOP2264-24,r_1.5_s_100_fcleaner,>BBIOP2264-24_r_1.5_s_100_BBIOP2264-24_fcleaner,1720622,WJR82112.1,genus:Amphimallon,null,1021,null,null,0.0,149.0,45.14,40.0,0,59,18,0,0,95.5
BBIOP2245-24_r_1_s_100_BBIOP2245-24_fcleaner,BBIOP2245-24,r_1_s_100_fcleaner,>BBIOP2245-24_r_1_s_100_BBIOP2245-24_fcleaner,1720622,WJR82112.1,genus:Amphimallon,null,1171,null,null,15.0,161.0,65.26,57.0,0,135,13,0,0,100.0
BBIOP2187-24_r_1.5_s_100_BBIOP2187-24_fcleaner,BBIOP2187-24,r_1.5_s_100_fcleaner,>BBIOP2187-24_r_1.5_s_100_BBIOP2187-24_fcleaner,166368,XPK45401.1,genus:Gymnopleurus,null,8708,null,null,0.0,1683.0,497.94,407.0,0,2513,67,0,0,99.81
BBIOP2217-24_r_1.5_s_50_BBIOP2217-24_fcleaner,BBIOP2217-24,r_1.5_s_50_fcleaner,>BBIOP2217-24_r_1.5_s_50_BBIOP2217-24_fcleaner,702309,AND96251.1,family:Scarabaeidae,null,814,null,null,0.0,104.0,30.52,30.0,0,119,11,0,0,93.8
BBIOP2218-24_r_1_s_50_BBIOP2218-24_fcleaner,BBIOP2218-24,r_1_s_50_fcleaner,>BBIOP2218-24_r_1_s_50_BBIOP2218-24_fcleaner,702309,AND96251.1,family:Scarabaeidae,null,1401,null,null,0.0,174.0,47.48,40.0,0,462,51,0,0,98.26
BBIOP2205-24_r_1_s_50_BBIOP2205-24_fcleaner,BBIOP2205-24,r_1_s_50_fcleaner,>BBIOP2205-24_r_1_s_50_BBIOP2205-24_fcleaner,166353,AND96251.1,genus:Onthophagus,null,277,null,null,0.0,53.0,17.64,16.5,0,30,16,0,0,83.72
BBIOP2227-24_r_1.5_s_50_BBIOP2227-24_fcleaner,BBIOP2227-24,r_1.5_s_50_fcleaner,>BBIOP2227-24_r_1.5_s_50_BBIOP2227-24_fcleaner,702309,AND96251.1,family:Scarabaeidae,null,173,null,null,0.0,42.0,4.97,0.0,0,72,2,0,0,38.18
BBIOP2195-24_r_1.5_s_50_BBIOP2195-24_fcleaner,BBIOP2195-24,r_1.5_s_50_fcleaner,>BBIOP2195-24_r_1.5_s_50_BBIOP2195-24_fcleaner,166346,AND96329.1,genus:Onitis,null,2703,null,null,0.0,261.0,98.37,95.0,0,864,232,0,0,98.45
BBIOP2223-24_r_1.5_s_50_BBIOP2223-24_fcleaner,BBIOP2223-24,r_1.5_s_50_fcleaner,>BBIOP2223-24_r_1.5_s_50_BBIOP2223-24_fcleaner,702309,AND96251.1,family:Scarabaeidae,null,761,null,null,0.0,78.0,27.74,24.0,0,119,10,0,0,94.19
BBIOP2193-24_r_1.3_s_100_BBIOP2193-24_fcleaner,BBIOP2193-24,r_1.3_s_100_fcleaner,>BBIOP2193-24_r_1.3_s_100_BBIOP2193-24_fcleaner,166330,AND96329.1,genus:Onitis,null,8000,null,null,0.0,999.0,379.32,362.0,0,1079,91,0,0,99.42
BBIOP2231-24_r_1_s_50_BBIOP2231-24_fcleaner,BBIOP2231-24,r_1_s_50_fcleaner,>BBIOP2231-24_r_1_s_50_BBIOP2231-24_fcleaner,702309,AND96251.1,family:Scarabaeidae,null,1485,null,null,0.0,136.0,64.5,64.0,0,400,12,0,0,98.84
BBIOP2198-24_r_1.3_s_100_BBIOP2198-24_fcleaner,BBIOP2198-24,r_1.3_s_100_fcleaner,>BBIOP2198-24_r_1.3_s_100_BBIOP2198-24_fcleaner,166365,AND96251.1,tribe:Onthophagini,null,22118,null,null,0.0,2247.0,1395.01,1391.0,0,2413,250,0,0,99.22
BBIOP2213-24_r_1.5_s_100_BBIOP2213-24_fcleaner,BBIOP2213-24,r_1.5_s_100_fcleaner,>BBIOP2213-24_r_1.5_s_100_BBIOP2213-24_fcleaner,2722830,YP_010631648.1,family:Glaphyridae,null,3411,null,null,0.0,526.0,173.13,160.0,0,167,32,0,0,91.39
BBIOP2275-24_r_1.3_s_100_BBIOP2275-24_fcleaner,BBIOP2275-24,r_1.3_s_100_fcleaner,>BBIOP2275-24_r_1.3_s_100_BBIOP2275-24_fcleaner,1971888,XCN33691.1,subfamily:Melolonthinae,null,608,null,null,0.0,142.0,26.73,20.0,0,320,4,0,0,91.81
BBIOP2268-24_r_1.5_s_100_BBIOP2268-24_fcleaner,BBIOP2268-24,r_1.5_s_100_fcleaner,>BBIOP2268-24_r_1.5_s_100_BBIOP2268-24_fcleaner,1720622,WJR82112.1,genus:Amphimallon,null,131258,null,null,268.0,11152.0,6445.94,6238.0,0,6839,1481,0,0,100.0
BBIOP2186-24_r_1.5_s_100_BBIOP2186-24_fcleaner,BBIOP2186-24,r_1.5_s_100_fcleaner,>BBIOP2186-24_r_1.5_s_100_BBIOP2186-24_fcleaner,1172027,AND96251.1,subfamily:Scarabaeinae,null,752,null,null,0.0,132.0,33.98,32.0,0,90,4,0,0,92.83
BBIOP2214-24_r_1.3_s_50_BBIOP2214-24_fcleaner,BBIOP2214-24,r_1.3_s_50_fcleaner,>BBIOP2214-24_r_1.3_s_50_BBIOP2214-24_fcleaner,702309,AND96251.1,family:Scarabaeidae,null,842,null,null,0.0,124.0,26.69,20.0,0,308,12,0,0,97.48
BBIOP2210-24_r_1.3_s_100_BBIOP2210-24_fcleaner,BBIOP2210-24,r_1.3_s_100_fcleaner,>BBIOP2210-24_r_1.3_s_100_BBIOP2210-24_fcleaner,2722828,YP_010631648.1,family:Glaphyridae,null,2106,null,null,0.0,279.0,110.1,106.0,0,299,34,0,0,99.8
BBIOP2193-24_r_1_s_100_BBIOP2193-24_fcleaner,BBIOP2193-24,r_1_s_100_fcleaner,>BBIOP2193-24_r_1_s_100_BBIOP2193-24_fcleaner,166330,AND96329.1,genus:Onitis,null,8031,null,null,0.0,1004.0,380.86,362.0,0,1240,95,0,0,99.42
BBIOP2265-24_r_1_s_50_BBIOP2265-24_fcleaner,BBIOP2265-24,r_1_s_50_fcleaner,>BBIOP2265-24_r_1_s_50_BBIOP2265-24_fcleaner,1720622,WJR82112.1,genus:Amphimallon,null,3543,null,null,6.0,296.0,125.21,122.0,0,929,223,0,0,100.0
BBIOP2239-24_r_1.5_s_100_BBIOP2239-24_fcleaner,BBIOP2239-24,r_1.5_s_100_fcleaner,>BBIOP2239-24_r_1.5_s_100_BBIOP2239-24_fcleaner,702309,AND96251.1,family:Scarabaeidae,null,2,null,null,0.0,2.0,0.15,0.0,0,25,0,0,0,7.36
BBIOP2216-24_r_1_s_50_BBIOP2216-24_fcleaner,BBIOP2216-24,r_1_s_50_fcleaner,>BBIOP2216-24_r_1_s_50_BBIOP2216-24_fcleaner,702309,AND96251.1,family:Scarabaeidae,null,320,null,null,0.0,60.0,11.51,8.0,0,649,15,0,0,89.92
BBIOP2218-24_r_1_s_100_BBIOP2218-24_fcleaner,BBIOP2218-24,r_1_s_100_fcleaner,>BBIOP2218-24_r_1_s_100_BBIOP2218-24_fcleaner,702309,AND96251.1,family:Scarabaeidae,null,347,null,null,0.0,80.0,15.74,10.0,0,124,4,0,0,86.24
BBIOP2208-24_r_1_s_100_BBIOP2208-24_fcleaner,BBIOP2208-24,r_1_s_100_fcleaner,>BBIOP2208-24_r_1_s_100_BBIOP2208-24_fcleaner,166359,AND96251.1,genus:Onthophagus,null,194,null,null,0.0,39.0,10.97,10.0,0,183,10,0,0,74.42
BBIOP2192-24_r_1_s_50_BBIOP2192-24_fcleaner,BBIOP2192-24,r_1_s_50_fcleaner,>BBIOP2192-24_r_1_s_50_BBIOP2192-24_fcleaner,166330,AND96329.1,genus:Onitis,null,483,null,null,0.0,77.0,26.97,25.0,0,875,42,0,0,84.85
BBIOP2211-24_r_1.5_s_100_BBIOP2211-24_fcleaner,BBIOP2211-24,r_1.5_s_100_fcleaner,>BBIOP2211-24_r_1.5_s_100_BBIOP2211-24_fcleaner,2722828,YP_010631648.1,family:Glaphyridae,null,141,null,null,0.0,33.0,6.45,6.0,0,13,1,0,0,68.3
BBIOP2235-24_r_1.5_s_100_BBIOP2235-24_fcleaner,BBIOP2235-24,r_1.5_s_100_fcleaner,>BBIOP2235-24_r_1.5_s_100_BBIOP2235-24_fcleaner,702309,AND96251.1,family:Scarabaeidae,null,471,null,null,0.0,67.0,22.66,24.0,0,34,6,0,0,89.53
BBIOP2223-24_r_1_s_50_BBIOP2223-24_fcleaner,BBIOP2223-24,r_1_s_50_fcleaner,>BBIOP2223-24_r_1_s_50_BBIOP2223-24_fcleaner,702309,AND96251.1,family:Scarabaeidae,null,993,null,null,0.0,100.0,35.25,32.0,0,446,29,0,0,98.26
BBIOP2210-24_r_1_s_50_BBIOP2210-24_fcleaner,BBIOP2210-24,r_1_s_50_fcleaner,>BBIOP2210-24_r_1_s_50_BBIOP2210-24_fcleaner,2722828,YP_010631648.1,family:Glaphyridae,null,4267,null,null,0.0,406.0,189.58,168.0,0,1454,87,0,0,99.8
BBIOP2264-24_r_1.5_s_50_BBIOP2264-24_fcleaner,BBIOP2264-24,r_1.5_s_50_fcleaner,>BBIOP2264-24_r_1.5_s_50_BBIOP2264-24_fcleaner,1720622,WJR82112.1,genus:Amphimallon,null,4267,null,null,0.0,546.0,140.53,130.0,0,369,32,0,0,99.8
BBIOP2274-24_r_1.5_s_100_BBIOP2274-24_fcleaner,BBIOP2274-24,r_1.5_s_100_fcleaner,>BBIOP2274-24_r_1.5_s_100_BBIOP2274-24_fcleaner,1971888,XCN33691.1,subfamily:Melolonthinae,null,239,null,null,0.0,30.0,10.6,10.0,0,22,8,0,0,95.52
BBIOP2263-24_r_1.3_s_50_BBIOP2263-24_fcleaner,BBIOP2263-24,r_1.3_s_50_fcleaner,>BBIOP2263-24_r_1.3_s_50_BBIOP2263-24_fcleaner,1720622,WJR82112.1,genus:Amphimallon,null,3777,null,null,0.0,918.0,110.95,84.0,0,3381,151,0,0,99.22
BBIOP2199-24_r_1.5_s_100_BBIOP2199-24_fcleaner,BBIOP2199-24,r_1.5_s_100_fcleaner,>BBIOP2199-24_r_1.5_s_100_BBIOP2199-24_fcleaner,166332,AND96251.1,genus:Onthophagus,null,2569,null,null,0.0,463.0,180.33,161.0,0,616,33,0,0,99.42
BBIOP2267-24_r_1.5_s_50_BBIOP2267-24_fcleaner,BBIOP2267-24,r_1.5_s_50_fcleaner,>BBIOP2267-24_r_1.5_s_50_BBIOP2267-24_fcleaner,1720622,WJR82112.1,genus:Amphimallon,null,5984,null,null,0.0,864.0,206.73,189.0,0,625,20,0,0,99.22
BBIOP2254-24_r_1_s_50_BBIOP2254-24_fcleaner,BBIOP2254-24,r_1_s_50_fcleaner,>BBIOP2254-24_r_1_s_50_BBIOP2254-24_fcleaner,1720622,WJR82112.1,genus:Amphimallon,null,711,null,null,0.0,128.0,23.68,18.0,0,387,16,0,0,93.54
BBIOP2225-24_r_1.3_s_100_BBIOP2225-24_fcleaner,BBIOP2225-24,r_1.3_s_100_fcleaner,>BBIOP2225-24_r_1.3_s_100_BBIOP2225-24_fcleaner,702309,AND96251.1,family:Scarabaeidae,null,1621,null,null,0.0,148.0,88.4,93.5,0,182,63,0,0,98.84
BBIOP2246-24_r_1.5_s_50_BBIOP2246-24_fcleaner,BBIOP2246-24,r_1.5_s_50_fcleaner,>BBIOP2246-24_r_1.5_s_50_BBIOP2246-24_fcleaner,1720622,WJR82112.1,genus:Amphimallon,null,1260,null,null,6.0,138.0,55.88,49.0,0,67,7,0,0,100.0
BBIOP2191-24_r_1.5_s_100_BBIOP2191-24_fcleaner,BBIOP2191-24,r_1.5_s_100_fcleaner,>BBIOP2191-24_r_1.5_s_100_BBIOP2191-24_fcleaner,166340,AND96355.1,species:Bubas bubalus,null,3767,null,null,103.0,553.0,246.64,222.0,0,697,69,0,0,100.0
BBIOP2188-24_r_1.3_s_50_BBIOP2188-24_fcleaner,BBIOP2188-24,r_1.3_s_50_fcleaner,>BBIOP2188-24_r_1.3_s_50_BBIOP2188-24_fcleaner,166368,XPK45401.1,genus:Gymnopleurus,null,459,null,null,0.0,56.0,15.84,14.0,0,433,27,0,0,91.83
BBIOP2277-24_r_1_s_50_BBIOP2277-24_fcleaner,BBIOP2277-24,r_1_s_50_fcleaner,>BBIOP2277-24_r_1_s_50_BBIOP2277-24_fcleaner,1971888,XCN33691.1,subfamily:Melolonthinae,null,165,null,null,0.0,49.0,9.58,7.0,0,195,16,0,0,83.04
BBIOP2254-24_r_1_s_100_BBIOP2254-24_fcleaner,BBIOP2254-24,r_1_s_100_fcleaner,>BBIOP2254-24_r_1_s_100_BBIOP2254-24_fcleaner,1720622,WJR82112.1,genus:Amphimallon,null,58,null,null,0.0,12.0,2.62,2.0,0,279,1,0,0,57.53
BBIOP2274-24_r_1.3_s_100_BBIOP2274-24_fcleaner,BBIOP2274-24,r_1.3_s_100_fcleaner,>BBIOP2274-24_r_1.3_s_100_BBIOP2274-24_fcleaner,1971888,XCN33691.1,subfamily:Melolonthinae,null,199,null,null,0.0,22.0,8.72,8.0,0,123,8,0,0,90.84
BBIOP2193-24_r_1.5_s_100_BBIOP2193-24_fcleaner,BBIOP2193-24,r_1.5_s_100_fcleaner,>BBIOP2193-24_r_1.5_s_100_BBIOP2193-24_fcleaner,166330,AND96329.1,genus:Onitis,null,7690,null,null,0.0,996.0,363.53,347.0,0,966,70,0,0,99.42
BBIOP2229-24_r_1.5_s_50_BBIOP2229-24_fcleaner,BBIOP2229-24,r_1.5_s_50_fcleaner,>BBIOP2229-24_r_1.5_s_50_BBIOP2229-24_fcleaner,702309,AND96251.1,family:Scarabaeidae,null,375,null,null,0.0,39.0,12.81,12.0,0,30,4,0,0,90.7
BBIOP2269-24_r_1.3_s_100_BBIOP2269-24_fcleaner,BBIOP2269-24,r_1.3_s_100_fcleaner,>BBIOP2269-24_r_1.3_s_100_BBIOP2269-24_fcleaner,1720622,WJR82112.1,genus:Amphimallon,null,1242,null,null,2.0,239.0,57.58,46.0,0,31,21,0,0,100.0
BBIOP2224-24_r_1_s_50_BBIOP2224-24_fcleaner,BBIOP2224-24,r_1_s_50_fcleaner,>BBIOP2224-24_r_1_s_50_BBIOP2224-24_fcleaner,702309,AND96251.1,family:Scarabaeidae,null,619,null,null,0.0,116.0,19.44,15.0,0,1022,35,0,0,87.6
BBIOP2205-24_r_1.5_s_50_BBIOP2205-24_fcleaner,BBIOP2205-24,r_1.5_s_50_fcleaner,>BBIOP2205-24_r_1.5_s_50_BBIOP2205-24_fcleaner,166353,AND96251.1,genus:Onthophagus,null,22,null,null,0.0,20.0,0.56,0.0,0,10,0,0,0,6.01
BBIOP2215-24_r_1.3_s_50_BBIOP2215-24_fcleaner,BBIOP2215-24,r_1.3_s_50_fcleaner,>BBIOP2215-24_r_1.3_s_50_BBIOP2215-24_fcleaner,702309,AND96251.1,family:Scarabaeidae,null,2783,null,null,0.0,472.0,103.4,92.0,0,360,10,0,0,98.64
BBIOP2238-24_r_1_s_100_BBIOP2238-24_fcleaner,BBIOP2238-24,r_1_s_100_fcleaner,>BBIOP2238-24_r_1_s_100_BBIOP2238-24_fcleaner,702309,AND96251.1,family:Scarabaeidae,null,306,null,null,0.0,80.0,24.77,20.0,0,293,29,0,3,83.91
BBIOP2247-24_r_1.5_s_100_BBIOP2247-24_fcleaner,BBIOP2247-24,r_1.5_s_100_fcleaner,>BBIOP2247-24_r_1.5_s_100_BBIOP2247-24_fcleaner,1720622,WJR82112.1,genus:Amphimallon,null,8981,null,null,135.0,1092.0,550.55,559.0,0,134,65,0,0,100.0
BBIOP2200-24_r_1.3_s_100_BBIOP2200-24_fcleaner,BBIOP2200-24,r_1.3_s_100_fcleaner,>BBIOP2200-24_r_1.3_s_100_BBIOP2200-24_fcleaner,166332,AND96251.1,genus:Onthophagus,null,494,null,null,2.0,52.0,26.18,26.0,0,487,14,0,0,100.0
BBIOP2217-24_r_1.5_s_100_BBIOP2217-24_fcleaner,BBIOP2217-24,r_1.5_s_100_fcleaner,>BBIOP2217-24_r_1.5_s_100_BBIOP2217-24_fcleaner,702309,AND96251.1,family:Scarabaeidae,null,341,null,null,0.0,46.0,16.29,16.0,0,36,9,0,0,87.02
BBIOP2230-24_r_1.5_s_50_BBIOP2230-24_fcleaner,BBIOP2230-24,r_1.5_s_50_fcleaner,>BBIOP2230-24_r_1.5_s_50_BBIOP2230-24_fcleaner,702309,AND96251.1,family:Scarabaeidae,null,270,null,null,0.0,28.0,9.63,8.0,0,31,20,0,0,86.82
BBIOP2249-24_r_1_s_50_BBIOP2249-24_fcleaner,BBIOP2249-24,r_1_s_50_fcleaner,>BBIOP2249-24_r_1_s_50_BBIOP2249-24_fcleaner,1720622,WJR82112.1,genus:Amphimallon,null,423,null,null,0.0,40.0,14.67,14.0,0,286,4,0,0,96.28
BBIOP2231-24_r_1.3_s_100_BBIOP2231-24_fcleaner,BBIOP2231-24,r_1.3_s_100_fcleaner,>BBIOP2231-24_r_1.3_s_100_BBIOP2231-24_fcleaner,702309,AND96251.1,family:Scarabaeidae,null,823,null,null,0.0,102.0,43.36,42.0,0,45,13,0,0,98.84
BBIOP2275-24_r_1_s_100_BBIOP2275-24_fcleaner,BBIOP2275-24,r_1_s_100_fcleaner,>BBIOP2275-24_r_1_s_100_BBIOP2275-24_fcleaner,1971888,XCN33691.1,subfamily:Melolonthinae,null,199,null,null,0.0,38.0,8.76,6.0,0,1024,1,0,0,75.63
BBIOP2252-24_r_1.5_s_50_BBIOP2252-24_fcleaner,BBIOP2252-24,r_1.5_s_50_fcleaner,>BBIOP2252-24_r_1.5_s_50_BBIOP2252-24_fcleaner,1720622,WJR82112.1,genus:Amphimallon,null,3991,null,null,4.0,455.0,144.62,131.0,0,276,65,0,0,100.0
BBIOP2197-24_r_1_s_100_BBIOP2197-24_fcleaner,BBIOP2197-24,r_1_s_100_fcleaner,>BBIOP2197-24_r_1_s_100_BBIOP2197-24_fcleaner,166365,AND96251.1,tribe:Onthophagini,null,3705,null,null,2.0,493.0,221.02,209.0,0,672,84,0,0,100.0
BBIOP2248-24_r_1_s_50_BBIOP2248-24_fcleaner,BBIOP2248-24,r_1_s_50_fcleaner,>BBIOP2248-24_r_1_s_50_BBIOP2248-24_fcleaner,1720622,WJR82112.1,genus:Amphimallon,null,527,null,null,0.0,62.0,17.83,16.0,0,485,21,0,0,94.13
BBIOP2204-24_r_1.3_s_50_BBIOP2204-24_fcleaner,BBIOP2204-24,r_1.3_s_50_fcleaner,>BBIOP2204-24_r_1.3_s_50_BBIOP2204-24_fcleaner,1541080,AND96251.1,genus:Onthophagus,null,61,null,null,0.0,24.0,2.83,0.0,0,10,0,0,0,45.35
BBIOP2229-24_r_1.5_s_100_BBIOP2229-24_fcleaner,BBIOP2229-24,r_1.5_s_100_fcleaner,>BBIOP2229-24_r_1.5_s_100_BBIOP2229-24_fcleaner,702309,AND96251.1,family:Scarabaeidae,null,102,null,null,0.0,16.0,4.54,4.0,0,3,3,0,0,68.8
BBIOP2196-24_r_1.3_s_100_BBIOP2196-24_fcleaner,BBIOP2196-24,r_1.3_s_100_fcleaner,>BBIOP2196-24_r_1.3_s_100_BBIOP2196-24_fcleaner,166343,AND96617.1,genus:Euoniticellus,null,7608,null,null,0.0,1321.0,390.54,306.5,0,2423,68,0,0,99.81
BBIOP2273-24_r_1.3_s_100_BBIOP2273-24_fcleaner,BBIOP2273-24,r_1.3_s_100_fcleaner,>BBIOP2273-24_r_1.3_s_100_BBIOP2273-24_fcleaner,1971888,XCN33691.1,subfamily:Melolonthinae,null,76,null,null,0.0,36.0,5.24,0.0,0,59,3,0,0,46.0
BBIOP2251-24_r_1.5_s_50_BBIOP2251-24_fcleaner,BBIOP2251-24,r_1.5_s_50_fcleaner,>BBIOP2251-24_r_1.5_s_50_BBIOP2251-24_fcleaner,1720622,WJR82112.1,genus:Amphimallon,null,53,null,null,0.0,19.0,1.68,0.0,0,159,0,0,0,26.81
BBIOP2203-24_r_1.3_s_50_BBIOP2203-24_fcleaner,BBIOP2203-24,r_1.3_s_50_fcleaner,>BBIOP2203-24_r_1.3_s_50_BBIOP2203-24_fcleaner,1541080,AND96251.1,genus:Onthophagus,null,44,null,null,0.0,22.0,1.87,0.0,0,293,0,0,0,25.19
BBIOP2196-24_r_1.5_s_50_BBIOP2196-24_fcleaner,BBIOP2196-24,r_1.5_s_50_fcleaner,>BBIOP2196-24_r_1.5_s_50_BBIOP2196-24_fcleaner,166343,AND96617.1,genus:Euoniticellus,null,12231,null,null,0.0,1858.0,536.81,411.5,0,4424,84,0,0,99.81
BBIOP2232-24_r_1_s_100_BBIOP2232-24_fcleaner,BBIOP2232-24,r_1_s_100_fcleaner,>BBIOP2232-24_r_1_s_100_BBIOP2232-24_fcleaner,702309,AND96251.1,family:Scarabaeidae,null,680,null,null,0.0,78.0,38.32,37.0,0,111,14,0,0,99.03
BBIOP2278-24_r_1_s_50_BBIOP2278-24_fcleaner,BBIOP2278-24,r_1_s_50_fcleaner,>BBIOP2278-24_r_1_s_50_BBIOP2278-24_fcleaner,1971888,XCN33691.1,subfamily:Melolonthinae,null,2130,null,null,25.0,178.0,83.64,80.0,0,598,59,0,0,100.0
BBIOP2257-24_r_1_s_50_BBIOP2257-24_fcleaner,BBIOP2257-24,r_1_s_50_fcleaner,>BBIOP2257-24_r_1_s_50_BBIOP2257-24_fcleaner,1720622,WJR82112.1,genus:Amphimallon,null,1848,null,null,0.0,303.0,58.35,46.0,0,1039,15,0,0,97.65
BBIOP2219-24_r_1_s_50_BBIOP2219-24_fcleaner,BBIOP2219-24,r_1_s_50_fcleaner,>BBIOP2219-24_r_1_s_50_BBIOP2219-24_fcleaner,702309,AND96251.1,family:Scarabaeidae,null,1242,null,null,0.0,96.0,47.85,44.0,0,417,39,0,0,99.03
BBIOP2212-24_r_1.5_s_50_BBIOP2212-24_fcleaner,BBIOP2212-24,r_1.5_s_50_fcleaner,>BBIOP2212-24_r_1.5_s_50_BBIOP2212-24_fcleaner,2722830,YP_010631648.1,family:Glaphyridae,null,812,null,null,0.0,168.0,31.01,24.0,0,141,34,0,0,93.54
BBIOP2188-24_r_1.5_s_100_BBIOP2188-24_fcleaner,BBIOP2188-24,r_1.5_s_100_fcleaner,>BBIOP2188-24_r_1.5_s_100_BBIOP2188-24_fcleaner,166368,XPK45401.1,genus:Gymnopleurus,null,142,null,null,0.0,30.0,6.46,4.0,0,43,6,0,0,73.15
BBIOP2227-24_r_1.3_s_100_BBIOP2227-24_fcleaner,BBIOP2227-24,r_1.3_s_100_fcleaner,>BBIOP2227-24_r_1.3_s_100_BBIOP2227-24_fcleaner,702309,AND96251.1,family:Scarabaeidae,null,89,null,null,0.0,32.0,6.03,2.0,0,29,3,0,0,55.81
BBIOP2211-24_r_1.5_s_50_BBIOP2211-24_fcleaner,BBIOP2211-24,r_1.5_s_50_fcleaner,>BBIOP2211-24_r_1.5_s_50_BBIOP2211-24_fcleaner,2722828,YP_010631648.1,family:Glaphyridae,null,364,null,null,0.0,54.0,13.42,12.0,0,117,0,0,0,82.58
BBIOP2199-24_r_1.3_s_50_BBIOP2199-24_fcleaner,BBIOP2199-24,r_1.3_s_50_fcleaner,>BBIOP2199-24_r_1.3_s_50_BBIOP2199-24_fcleaner,166332,AND96251.1,genus:Onthophagus,null,2985,null,null,0.0,485.0,194.51,176.0,0,858,37,0,0,99.42
BBIOP2187-24_r_1.3_s_50_BBIOP2187-24_fcleaner,BBIOP2187-24,r_1.3_s_50_fcleaner,>BBIOP2187-24_r_1.3_s_50_BBIOP2187-24_fcleaner,166368,XPK45401.1,genus:Gymnopleurus,null,13379,null,null,0.0,2661.0,649.53,501.0,0,4568,111,0,0,99.81
BBIOP2276-24_r_1.3_s_50_BBIOP2276-24_fcleaner,BBIOP2276-24,r_1.3_s_50_fcleaner,>BBIOP2276-24_r_1.3_s_50_BBIOP2276-24_fcleaner,1971888,XCN33691.1,subfamily:Melolonthinae,null,574,null,null,0.0,66.0,20.97,18.0,0,70,16,0,0,99.61
BBIOP2260-24_r_1.5_s_50_BBIOP2260-24_fcleaner,BBIOP2260-24,r_1.5_s_50_fcleaner,>BBIOP2260-24_r_1.5_s_50_BBIOP2260-24_fcleaner,1720622,WJR82112.1,genus:Amphimallon,null,469,null,null,0.0,46.0,13.94,13.0,0,87,4,0,0,91.78
BBIOP2230-24_r_1_s_50_BBIOP2230-24_fcleaner,BBIOP2230-24,r_1_s_50_fcleaner,>BBIOP2230-24_r_1_s_50_BBIOP2230-24_fcleaner,702309,AND96251.1,family:Scarabaeidae,null,352,null,null,0.0,38.0,12.5,12.0,0,239,22,0,0,94.96
BBIOP2189-24_r_1.3_s_100_BBIOP2189-24_fcleaner,BBIOP2189-24,r_1.3_s_100_fcleaner,>BBIOP2189-24_r_1.3_s_100_BBIOP2189-24_fcleaner,206731,YP_009729770.1,genus:Copris,null,5480,null,null,221.0,623.0,459.21,475.5,0,158,98,0,0,100.0
BBIOP2239-24_r_1.3_s_50_BBIOP2239-24_fcleaner,BBIOP2239-24,r_1.3_s_50_fcleaner,>BBIOP2239-24_r_1.3_s_50_BBIOP2239-24_fcleaner,702309,AND96251.1,family:Scarabaeidae,null,122,null,null,0.0,43.0,5.76,0.0,0,29,0,0,0,47.29
BBIOP2233-24_r_1.5_s_50_BBIOP2233-24_fcleaner,BBIOP2233-24,r_1.5_s_50_fcleaner,>BBIOP2233-24_r_1.5_s_50_BBIOP2233-24_fcleaner,702309,AND96251.1,family:Scarabaeidae,null,349,null,null,0.0,38.0,11.24,10.0,0,33,6,0,0,87.02
BBIOP2201-24_r_1.5_s_100_BBIOP2201-24_fcleaner,BBIOP2201-24,r_1.5_s_100_fcleaner,>BBIOP2201-24_r_1.5_s_100_BBIOP2201-24_fcleaner,166350,AND96251.1,genus:Onthophagus,null,2898,null,null,0.0,754.0,171.22,99.0,0,1944,185,0,0,99.22
BBIOP2256-24_r_1.3_s_50_BBIOP2256-24_fcleaner,BBIOP2256-24,r_1.3_s_50_fcleaner,>BBIOP2256-24_r_1.3_s_50_BBIOP2256-24_fcleaner,1720622,WJR82112.1,genus:Amphimallon,null,78,null,null,0.0,26.0,3.14,0.0,0,176,5,0,0,37.18
BBIOP2213-24_r_1.3_s_100_BBIOP2213-24_fcleaner,BBIOP2213-24,r_1.3_s_100_fcleaner,>BBIOP2213-24_r_1.3_s_100_BBIOP2213-24_fcleaner,2722830,YP_010631648.1,family:Glaphyridae,null,3911,null,null,0.0,552.0,200.96,188.0,0,163,42,0,0,99.8
BBIOP2241-24_r_1.5_s_50_BBIOP2241-24_fcleaner,BBIOP2241-24,r_1.5_s_50_fcleaner,>BBIOP2241-24_r_1.5_s_50_BBIOP2241-24_fcleaner,702309,AND96251.1,family:Scarabaeidae,null,225,null,null,0.0,38.0,7.54,5.0,0,104,4,0,0,73.84
BBIOP2276-24_r_1_s_100_BBIOP2276-24_fcleaner,BBIOP2276-24,r_1_s_100_fcleaner,>BBIOP2276-24_r_1_s_100_BBIOP2276-24_fcleaner,1971888,XCN33691.1,subfamily:Melolonthinae,null,64,null,null,0.0,16.0,3.28,2.0,0,220,1,0,0,53.41
BBIOP2259-24_r_1.3_s_50_BBIOP2259-24_fcleaner,BBIOP2259-24,r_1.3_s_50_fcleaner,>BBIOP2259-24_r_1.3_s_50_BBIOP2259-24_fcleaner,1720622,WJR82112.1,genus:Amphimallon,null,124,null,null,0.0,36.0,4.28,2.0,0,355,3,0,0,61.06
BBIOP2272-24_r_1.3_s_100_BBIOP2272-24_fcleaner,BBIOP2272-24,r_1.3_s_100_fcleaner,>BBIOP2272-24_r_1.3_s_100_BBIOP2272-24_fcleaner,1971888,XCN33691.1,subfamily:Melolonthinae,null,43,null,null,0.0,28.0,2.67,0.0,0,44,4,0,0,32.94
BBIOP2220-24_r_1.5_s_100_BBIOP2220-24_fcleaner,BBIOP2220-24,r_1.5_s_100_fcleaner,>BBIOP2220-24_r_1.5_s_100_BBIOP2220-24_fcleaner,702309,AND96251.1,family:Scarabaeidae,null,158,null,null,0.0,22.0,7.8,8.0,0,6,10,0,0,85.85
BBIOP2258-24_r_1.3_s_100_BBIOP2258-24_fcleaner,BBIOP2258-24,r_1.3_s_100_fcleaner,>BBIOP2258-24_r_1.3_s_100_BBIOP2258-24_fcleaner,1720622,WJR82112.1,genus:Amphimallon,null,986,null,null,1.0,131.0,72.39,78.0,0,237,33,0,0,100.0
BBIOP2237-24_r_1_s_100_BBIOP2237-24_fcleaner,BBIOP2237-24,r_1_s_100_fcleaner,>BBIOP2237-24_r_1_s_100_BBIOP2237-24_fcleaner,702309,AND96251.1,family:Scarabaeidae,null,116,null,null,0.0,32.0,5.05,2.0,0,349,4,0,0,60.66
BBIOP2192-24_r_1.3_s_50_BBIOP2192-24_fcleaner,BBIOP2192-24,r_1.3_s_50_fcleaner,>BBIOP2192-24_r_1.3_s_50_BBIOP2192-24_fcleaner,166330,AND96329.1,genus:Onitis,null,496,null,null,0.0,70.0,21.41,18.0,0,314,25,0,0,92.62
BBIOP2202-24_r_1.5_s_50_BBIOP2202-24_fcleaner,BBIOP2202-24,r_1.5_s_50_fcleaner,>BBIOP2202-24_r_1.5_s_50_BBIOP2202-24_fcleaner,166350,AND96251.1,genus:Onthophagus,null,339,null,null,0.0,43.0,16.58,16.0,0,179,6,0,0,97.67
BBIOP2278-24_r_1.3_s_100_BBIOP2278-24_fcleaner,BBIOP2278-24,r_1.3_s_100_fcleaner,>BBIOP2278-24_r_1.3_s_100_BBIOP2278-24_fcleaner,1971888,XCN33691.1,subfamily:Melolonthinae,null,923,null,null,8.0,118.0,46.28,43.0,0,90,35,0,0,100.0
BBIOP2276-24_r_1_s_50_BBIOP2276-24_fcleaner,BBIOP2276-24,r_1_s_50_fcleaner,>BBIOP2276-24_r_1_s_50_BBIOP2276-24_fcleaner,1971888,XCN33691.1,subfamily:Melolonthinae,null,539,null,null,0.0,58.0,19.33,16.0,0,280,16,0,0,95.32
BBIOP2231-24_r_1.3_s_50_BBIOP2231-24_fcleaner,BBIOP2231-24,r_1.3_s_50_fcleaner,>BBIOP2231-24_r_1.3_s_50_BBIOP2231-24_fcleaner,702309,AND96251.1,family:Scarabaeidae,null,1414,null,null,0.0,136.0,61.72,62.5,0,196,19,0,0,98.84
BBIOP2207-24_r_1.3_s_50_BBIOP2207-24_fcleaner,BBIOP2207-24,r_1.3_s_50_fcleaner,>BBIOP2207-24_r_1.3_s_50_BBIOP2207-24_fcleaner,476056,AND96251.1,genus:Onthophagus,null,403,null,null,0.0,62.0,18.12,18.0,0,180,6,0,0,85.66
BBIOP2216-24_r_1.3_s_50_BBIOP2216-24_fcleaner,BBIOP2216-24,r_1.3_s_50_fcleaner,>BBIOP2216-24_r_1.3_s_50_BBIOP2216-24_fcleaner,702309,AND96251.1,family:Scarabaeidae,null,412,null,null,0.0,70.0,14.84,10.0,0,197,9,0,0,90.12
BBIOP2216-24_r_1.3_s_100_BBIOP2216-24_fcleaner,BBIOP2216-24,r_1.3_s_100_fcleaner,>BBIOP2216-24_r_1.3_s_100_BBIOP2216-24_fcleaner,702309,AND96251.1,family:Scarabaeidae,null,119,null,null,0.0,30.0,5.94,2.0,0,80,1,0,0,59.5
BBIOP2255-24_r_1.5_s_100_BBIOP2255-24_fcleaner,BBIOP2255-24,r_1.5_s_100_fcleaner,>BBIOP2255-24_r_1.5_s_100_BBIOP2255-24_fcleaner,1720622,WJR82112.1,genus:Amphimallon,null,506,null,null,0.0,112.0,23.58,14.0,0,41,4,0,0,95.5
BBIOP2224-24_r_1.5_s_50_BBIOP2224-24_fcleaner,BBIOP2224-24,r_1.5_s_50_fcleaner,>BBIOP2224-24_r_1.5_s_50_BBIOP2224-24_fcleaner,702309,AND96251.1,family:Scarabaeidae,null,810,null,null,0.0,136.0,24.7,18.0,0,158,32,0,0,89.73
BBIOP2258-24_r_1.5_s_100_BBIOP2258-24_fcleaner,BBIOP2258-24,r_1.5_s_100_fcleaner,>BBIOP2258-24_r_1.5_s_100_BBIOP2258-24_fcleaner,1720622,WJR82112.1,genus:Amphimallon,null,626,null,null,0.0,107.0,42.34,39.0,0,161,32,0,0,94.91
BBIOP2190-24_r_1.5_s_100_BBIOP2190-24_fcleaner,BBIOP2190-24,r_1.5_s_100_fcleaner,>BBIOP2190-24_r_1.5_s_100_BBIOP2190-24_fcleaner,166326,AND96368.1,species:Bubas bison,null,11,null,null,0.0,7.0,0.83,0.0,0,19,1,0,0,21.48
BBIOP2194-24_r_1.3_s_50_BBIOP2194-24_fcleaner,BBIOP2194-24,r_1.3_s_50_fcleaner,>BBIOP2194-24_r_1.3_s_50_BBIOP2194-24_fcleaner,166346,AND96329.1,genus:Onitis,null,3292,null,null,0.0,576.0,143.51,127.0,0,773,248,0,0,99.81
BBIOP2209-24_r_1.3_s_100_BBIOP2209-24_fcleaner,BBIOP2209-24,r_1.3_s_100_fcleaner,>BBIOP2209-24_r_1.3_s_100_BBIOP2209-24_fcleaner,2722829,YP_010631648.1,family:Glaphyridae,null,98,null,null,0.0,24.0,4.61,2.0,0,139,4,0,0,75.15
BBIOP2243-24_r_1.5_s_50_BBIOP2243-24_fcleaner,BBIOP2243-24,r_1.5_s_50_fcleaner,>BBIOP2243-24_r_1.5_s_50_BBIOP2243-24_fcleaner,702309,AND96251.1,family:Scarabaeidae,null,192591,null,null,0.0,19397.0,8138.87,7619.5,0,17875,2028,0,0,98.26
BBIOP2206-24_r_1.5_s_50_BBIOP2206-24_fcleaner,BBIOP2206-24,r_1.5_s_50_fcleaner,>BBIOP2206-24_r_1.5_s_50_BBIOP2206-24_fcleaner,166353,AND96251.1,genus:Onthophagus,null,244,null,null,0.0,50.0,9.99,8.0,0,251,12,0,0,82.95
BBIOP2279-24_r_1.3_s_50_BBIOP2279-24_fcleaner,BBIOP2279-24,r_1.3_s_50_fcleaner,>BBIOP2279-24_r_1.3_s_50_BBIOP2279-24_fcleaner,1971888,XCN33691.1,subfamily:Melolonthinae,null,552,null,null,0.0,90.0,21.47,18.0,0,239,30,0,0,98.83
BBIOP2194-24_r_1_s_50_BBIOP2194-24_fcleaner,BBIOP2194-24,r_1_s_50_fcleaner,>BBIOP2194-24_r_1_s_50_BBIOP2194-24_fcleaner,166346,AND96329.1,genus:Onitis,null,3367,null,null,0.0,584.0,146.92,130.0,0,892,258,0,0,99.81
BBIOP2209-24_r_1_s_50_BBIOP2209-24_fcleaner,BBIOP2209-24,r_1_s_50_fcleaner,>BBIOP2209-24_r_1_s_50_BBIOP2209-24_fcleaner,2722829,YP_010631648.1,family:Glaphyridae,null,558,null,null,0.0,114.0,33.95,28.0,0,528,30,0,0,84.93
BBIOP2221-24_r_1_s_100_BBIOP2221-24_fcleaner,BBIOP2221-24,r_1_s_100_fcleaner,>BBIOP2221-24_r_1_s_100_BBIOP2221-24_fcleaner,702309,AND96251.1,family:Scarabaeidae,null,537,null,null,0.0,88.0,25.54,20.0,0,132,6,0,0,99.03
BBIOP2266-24_r_1.3_s_100_BBIOP2266-24_fcleaner,BBIOP2266-24,r_1.3_s_100_fcleaner,>BBIOP2266-24_r_1.3_s_100_BBIOP2266-24_fcleaner,1720622,WJR82112.1,genus:Amphimallon,null,2039,null,null,26.0,194.0,112.66,114.0,0,57,25,0,0,100.0
BBIOP2227-24_r_1_s_100_BBIOP2227-24_fcleaner,BBIOP2227-24,r_1_s_100_fcleaner,>BBIOP2227-24_r_1_s_100_BBIOP2227-24_fcleaner,702309,AND96251.1,family:Scarabaeidae,null,381,null,null,0.0,100.0,31.25,23.5,0,28,20,0,3,77.71
BBIOP2202-24_r_1_s_50_BBIOP2202-24_fcleaner,BBIOP2202-24,r_1_s_50_fcleaner,>BBIOP2202-24_r_1_s_50_BBIOP2202-24_fcleaner,166350,AND96251.1,genus:Onthophagus,null,188,null,null,0.0,48.0,9.01,6.0,0,946,12,0,0,76.55
BBIOP2245-24_r_1.5_s_100_BBIOP2245-24_fcleaner,BBIOP2245-24,r_1.5_s_100_fcleaner,>BBIOP2245-24_r_1.5_s_100_BBIOP2245-24_fcleaner,1720622,WJR82112.1,genus:Amphimallon,null,1080,null,null,2.0,161.0,59.95,55.0,0,49,13,0,0,100.0
BBIOP2214-24_r_1_s_50_BBIOP2214-24_fcleaner,BBIOP2214-24,r_1_s_50_fcleaner,>BBIOP2214-24_r_1_s_50_BBIOP2214-24_fcleaner,702309,AND96251.1,family:Scarabaeidae,null,727,null,null,0.0,86.0,21.88,21.0,0,755,17,0,0,90.89
BBIOP2253-24_r_1.5_s_100_BBIOP2253-24_fcleaner,BBIOP2253-24,r_1.5_s_100_fcleaner,>BBIOP2253-24_r_1.5_s_100_BBIOP2253-24_fcleaner,1720622,WJR82112.1,genus:Amphimallon,null,69,null,null,0.0,12.0,3.48,4.0,0,18,0,0,0,66.14
BBIOP2205-24_r_1_s_100_BBIOP2205-24_fcleaner,BBIOP2205-24,r_1_s_100_fcleaner,>BBIOP2205-24_r_1_s_100_BBIOP2205-24_fcleaner,166353,AND96251.1,genus:Onthophagus,null,163,null,null,0.0,44.0,13.69,12.0,0,5,6,0,0,76.55
BBIOP2264-24_r_1.3_s_100_BBIOP2264-24_fcleaner,BBIOP2264-24,r_1.3_s_100_fcleaner,>BBIOP2264-24_r_1.3_s_100_BBIOP2264-24_fcleaner,1720622,WJR82112.1,genus:Amphimallon,null,1038,null,null,0.0,149.0,46.04,42.0,0,82,18,0,0,96.48
BBIOP2274-24_r_1_s_50_BBIOP2274-24_fcleaner,BBIOP2274-24,r_1_s_50_fcleaner,>BBIOP2274-24_r_1_s_50_BBIOP2274-24_fcleaner,1971888,XCN33691.1,subfamily:Melolonthinae,null,826,null,null,0.0,70.0,26.67,25.0,0,707,36,0,0,96.88
BBIOP2253-24_r_1.3_s_50_BBIOP2253-24_fcleaner,BBIOP2253-24,r_1.3_s_50_fcleaner,>BBIOP2253-24_r_1.3_s_50_BBIOP2253-24_fcleaner,1720622,WJR82112.1,genus:Amphimallon,null,251,null,null,0.0,40.0,8.16,6.0,0,366,17,0,0,79.26
BBIOP2273-24_r_1_s_50_BBIOP2273-24_fcleaner,BBIOP2273-24,r_1_s_50_fcleaner,>BBIOP2273-24_r_1_s_50_BBIOP2273-24_fcleaner,1971888,XCN33691.1,subfamily:Melolonthinae,null,668,null,null,0.0,157.0,41.9,32.0,0,226,43,0,0,90.84
BBIOP2237-24_r_1.5_s_50_BBIOP2237-24_fcleaner,BBIOP2237-24,r_1.5_s_50_fcleaner,>BBIOP2237-24_r_1.5_s_50_BBIOP2237-24_fcleaner,702309,AND96251.1,family:Scarabaeidae,null,1078,null,null,0.0,105.0,35.17,32.0,0,199,22,0,0,90.5
BBIOP2219-24_r_1.5_s_50_BBIOP2219-24_fcleaner,BBIOP2219-24,r_1.5_s_50_fcleaner,>BBIOP2219-24_r_1.5_s_50_BBIOP2219-24_fcleaner,702309,AND96251.1,family:Scarabaeidae,null,960,null,null,0.0,96.0,36.66,33.0,0,129,21,0,0,95.93
BBIOP2212-24_r_1.3_s_100_BBIOP2212-24_fcleaner,BBIOP2212-24,r_1.3_s_100_fcleaner,>BBIOP2212-24_r_1.3_s_100_BBIOP2212-24_fcleaner,2722830,YP_010631648.1,family:Glaphyridae,null,330,null,null,0.0,92.0,16.88,12.0,0,33,16,0,0,91.19
BBIOP2248-24_r_1.5_s_100_BBIOP2248-24_fcleaner,BBIOP2248-24,r_1.5_s_100_fcleaner,>BBIOP2248-24_r_1.5_s_100_BBIOP2248-24_fcleaner,1720622,WJR82112.1,genus:Amphimallon,null,172,null,null,0.0,26.0,8.14,6.0,0,16,2,0,0,71.62
BBIOP2257-24_r_1.5_s_100_BBIOP2257-24_fcleaner,BBIOP2257-24,r_1.5_s_100_fcleaner,>BBIOP2257-24_r_1.5_s_100_BBIOP2257-24_fcleaner,1720622,WJR82112.1,genus:Amphimallon,null,292,null,null,0.0,49.0,13.53,12.0,0,26,3,0,0,89.24
BBIOP2244-24_r_1.3_s_100_BBIOP2244-24_fcleaner,BBIOP2244-24,r_1.3_s_100_fcleaner,>BBIOP2244-24_r_1.3_s_100_BBIOP2244-24_fcleaner,702309,AND96251.1,family:Scarabaeidae,null,198,null,null,0.0,30.0,9.86,8.0,0,57,2,0,0,94.77
BBIOP2241-24_r_1.3_s_50_BBIOP2241-24_fcleaner,BBIOP2241-24,r_1.3_s_50_fcleaner,>BBIOP2241-24_r_1.3_s_50_BBIOP2241-24_fcleaner,702309,AND96251.1,family:Scarabaeidae,null,195,null,null,0.0,49.0,6.25,4.0,0,302,3,0,0,60.85
BBIOP2197-24_r_1.5_s_50_BBIOP2197-24_fcleaner,BBIOP2197-24,r_1.5_s_50_fcleaner,>BBIOP2197-24_r_1.5_s_50_BBIOP2197-24_fcleaner,166365,AND96251.1,tribe:Onthophagini,null,4680,null,null,2.0,570.0,250.37,238.5,0,838,91,0,0,100.0
BBIOP2225-24_r_1_s_50_BBIOP2225-24_fcleaner,BBIOP2225-24,r_1_s_50_fcleaner,>BBIOP2225-24_r_1_s_50_BBIOP2225-24_fcleaner,702309,AND96251.1,family:Scarabaeidae,null,2962,null,null,0.0,213.0,133.78,140.0,0,680,101,0,0,99.03
BBIOP2214-24_r_1.3_s_100_BBIOP2214-24_fcleaner,BBIOP2214-24,r_1.3_s_100_fcleaner,>BBIOP2214-24_r_1.3_s_100_BBIOP2214-24_fcleaner,702309,AND96251.1,family:Scarabaeidae,null,89,null,null,0.0,26.0,4.0,2.0,0,110,2,0,0,53.29
BBIOP2268-24_r_1.3_s_100_BBIOP2268-24_fcleaner,BBIOP2268-24,r_1.3_s_100_fcleaner,>BBIOP2268-24_r_1.3_s_100_BBIOP2268-24_fcleaner,1720622,WJR82112.1,genus:Amphimallon,null,134566,null,null,1252.0,11217.0,6633.1,6388.0,0,8620,1551,0,0,100.0
BBIOP2206-24_r_1.5_s_100_BBIOP2206-24_fcleaner,BBIOP2206-24,r_1.5_s_100_fcleaner,>BBIOP2206-24_r_1.5_s_100_BBIOP2206-24_fcleaner,166353,AND96251.1,genus:Onthophagus,null,124,null,null,0.0,36.0,6.61,6.0,0,84,2,0,0,81.98
BBIOP2250-24_r_1.5_s_50_BBIOP2250-24_fcleaner,BBIOP2250-24,r_1.5_s_50_fcleaner,>BBIOP2250-24_r_1.5_s_50_BBIOP2250-24_fcleaner,1720622,WJR82112.1,genus:Amphimallon,null,240,null,null,0.0,30.0,8.67,6.0,0,42,5,0,0,88.26
BBIOP2276-24_r_1.3_s_100_BBIOP2276-24_fcleaner,BBIOP2276-24,r_1.3_s_100_fcleaner,>BBIOP2276-24_r_1.3_s_100_BBIOP2276-24_fcleaner,1971888,XCN33691.1,subfamily:Melolonthinae,null,160,null,null,0.0,30.0,8.46,8.0,0,40,2,0,0,83.63
BBIOP2194-24_r_1.3_s_100_BBIOP2194-24_fcleaner,BBIOP2194-24,r_1.3_s_100_fcleaner,>BBIOP2194-24_r_1.3_s_100_BBIOP2194-24_fcleaner,166346,AND96329.1,genus:Onitis,null,1779,null,null,0.0,401.0,93.66,74.0,0,355,143,0,0,99.81
BBIOP2226-24_r_1.5_s_50_BBIOP2226-24_fcleaner,BBIOP2226-24,r_1.5_s_50_fcleaner,>BBIOP2226-24_r_1.5_s_50_BBIOP2226-24_fcleaner,702309,AND96251.1,family:Scarabaeidae,null,66,null,null,0.0,55.0,2.1,0.0,0,12,1,0,0,17.05
BBIOP2209-24_r_1.5_s_100_BBIOP2209-24_fcleaner,BBIOP2209-24,r_1.5_s_100_fcleaner,>BBIOP2209-24_r_1.5_s_100_BBIOP2209-24_fcleaner,2722829,YP_010631648.1,family:Glaphyridae,null,132,null,null,0.0,28.0,6.13,4.0,0,42,4,0,0,81.6
BBIOP2206-24_r_1_s_50_BBIOP2206-24_fcleaner,BBIOP2206-24,r_1_s_50_fcleaner,>BBIOP2206-24_r_1_s_50_BBIOP2206-24_fcleaner,166353,AND96251.1,genus:Onthophagus,null,983,null,null,0.0,216.0,48.06,24.5,0,676,106,0,0,81.59
BBIOP2249-24_r_1.3_s_50_BBIOP2249-24_fcleaner,BBIOP2249-24,r_1.3_s_50_fcleaner,>BBIOP2249-24_r_1.3_s_50_BBIOP2249-24_fcleaner,1720622,WJR82112.1,genus:Amphimallon,null,439,null,null,0.0,40.0,15.31,14.0,0,153,4,0,0,96.67
BBIOP2265-24_r_1.3_s_100_BBIOP2265-24_fcleaner,BBIOP2265-24,r_1.3_s_100_fcleaner,>BBIOP2265-24_r_1.3_s_100_BBIOP2265-24_fcleaner,1720622,WJR82112.1,genus:Amphimallon,null,884,null,null,6.0,102.0,41.97,38.0,0,93,34,0,0,100.0
BBIOP2245-24_r_1.3_s_50_BBIOP2245-24_fcleaner,BBIOP2245-24,r_1.3_s_50_fcleaner,>BBIOP2245-24_r_1.3_s_50_BBIOP2245-24_fcleaner,1720622,WJR82112.1,genus:Amphimallon,null,1926,null,null,25.0,185.0,88.02,78.0,0,225,18,0,0,100.0
BBIOP2279-24_r_1_s_100_BBIOP2279-24_fcleaner,BBIOP2279-24,r_1_s_100_fcleaner,>BBIOP2279-24_r_1_s_100_BBIOP2279-24_fcleaner,1971888,XCN33691.1,subfamily:Melolonthinae,null,211,null,null,0.0,35.0,10.4,10.0,0,118,8,0,0,88.89
BBIOP2213-24_r_1.3_s_50_BBIOP2213-24_fcleaner,BBIOP2213-24,r_1.3_s_50_fcleaner,>BBIOP2213-24_r_1.3_s_50_BBIOP2213-24_fcleaner,2722830,YP_010631648.1,family:Glaphyridae,null,7928,null,null,0.0,706.0,332.25,313.0,0,828,85,0,0,99.8
BBIOP2217-24_r_1.3_s_50_BBIOP2217-24_fcleaner,BBIOP2217-24,r_1.3_s_50_fcleaner,>BBIOP2217-24_r_1.3_s_50_BBIOP2217-24_fcleaner,702309,AND96251.1,family:Scarabaeidae,null,951,null,null,0.0,104.0,35.33,38.0,0,164,16,0,0,97.67
BBIOP2247-24_r_1.3_s_100_BBIOP2247-24_fcleaner,BBIOP2247-24,r_1.3_s_100_fcleaner,>BBIOP2247-24_r_1.3_s_100_BBIOP2247-24_fcleaner,1720622,WJR82112.1,genus:Amphimallon,null,9586,null,null,221.0,1098.0,593.83,583.0,0,425,76,0,0,100.0
BBIOP2228-24_r_1_s_100_BBIOP2228-24_fcleaner,BBIOP2228-24,r_1_s_100_fcleaner,>BBIOP2228-24_r_1_s_100_BBIOP2228-24_fcleaner,702309,AND96251.1,family:Scarabaeidae,null,359,null,null,0.0,113.0,30.07,20.0,0,32,28,0,3,84.5
BBIOP2215-24_r_1_s_100_BBIOP2215-24_fcleaner,BBIOP2215-24,r_1_s_100_fcleaner,>BBIOP2215-24_r_1_s_100_BBIOP2215-24_fcleaner,702309,AND96251.1,family:Scarabaeidae,null,1046,null,null,0.0,234.0,50.07,42.0,0,113,10,0,0,99.03
BBIOP2205-24_r_1.5_s_100_BBIOP2205-24_fcleaner,BBIOP2205-24,r_1.5_s_100_fcleaner,null,166353,AND96251.1,genus:Onthophagus,null,0,null,null,0.0,0.0,0.0,0.0,0,0,0,0,0,0.0
BBIOP2249-24_r_1.5_s_100_BBIOP2249-24_fcleaner,BBIOP2249-24,r_1.5_s_100_fcleaner,>BBIOP2249-24_r_1.5_s_100_BBIOP2249-24_fcleaner,1720622,WJR82112.1,genus:Amphimallon,null,112,null,null,0.0,24.0,5.49,4.0,0,13,0,0,0,76.71
BBIOP2203-24_r_1.3_s_100_BBIOP2203-24_fcleaner,BBIOP2203-24,r_1.3_s_100_fcleaner,>BBIOP2203-24_r_1.3_s_100_BBIOP2203-24_fcleaner,1541080,AND96251.1,genus:Onthophagus,null,20,null,null,0.0,10.0,1.09,0.0,0,95,0,0,0,19.77
BBIOP2252-24_r_1.3_s_50_BBIOP2252-24_fcleaner,BBIOP2252-24,r_1.3_s_50_fcleaner,>BBIOP2252-24_r_1.3_s_50_BBIOP2252-24_fcleaner,1720622,WJR82112.1,genus:Amphimallon,null,4512,null,null,25.0,484.0,161.69,150.0,0,361,125,0,0,100.0
BBIOP2267-24_r_1.3_s_100_BBIOP2267-24_fcleaner,BBIOP2267-24,r_1.3_s_100_fcleaner,>BBIOP2267-24_r_1.3_s_100_BBIOP2267-24_fcleaner,1720622,WJR82112.1,genus:Amphimallon,null,1873,null,null,0.0,275.0,84.7,75.0,0,208,14,0,0,99.61
BBIOP2233-24_r_1.3_s_100_BBIOP2233-24_fcleaner,BBIOP2233-24,r_1.3_s_100_fcleaner,>BBIOP2233-24_r_1.3_s_100_BBIOP2233-24_fcleaner,702309,AND96251.1,family:Scarabaeidae,null,68,null,null,0.0,16.0,3.3,2.0,0,5,0,0,0,59.11
BBIOP2256-24_r_1_s_100_BBIOP2256-24_fcleaner,BBIOP2256-24,r_1_s_100_fcleaner,>BBIOP2256-24_r_1_s_100_BBIOP2256-24_fcleaner,1720622,WJR82112.1,genus:Amphimallon,null,227,null,null,0.0,59.0,19.05,7.0,0,26,17,0,6,87.28
BBIOP2265-24_r_1.5_s_100_BBIOP2265-24_fcleaner,BBIOP2265-24,r_1.5_s_100_fcleaner,>BBIOP2265-24_r_1.5_s_100_BBIOP2265-24_fcleaner,1720622,WJR82112.1,genus:Amphimallon,null,807,null,null,0.0,102.0,37.55,35.0,0,44,16,0,0,97.65
BBIOP2234-24_r_1_s_100_BBIOP2234-24_fcleaner,BBIOP2234-24,r_1_s_100_fcleaner,>BBIOP2234-24_r_1_s_100_BBIOP2234-24_fcleaner,702309,AND96251.1,family:Scarabaeidae,null,44,null,null,0.0,23.0,4.07,2.0,0,0,3,0,3,54.07
BBIOP2197-24_r_1_s_50_BBIOP2197-24_fcleaner,BBIOP2197-24,r_1_s_50_fcleaner,>BBIOP2197-24_r_1_s_50_BBIOP2197-24_fcleaner,166365,AND96251.1,tribe:Onthophagini,null,4948,null,null,2.0,582.0,262.82,251.5,0,1211,117,0,0,100.0
BBIOP2260-24_r_1_s_50_BBIOP2260-24_fcleaner,BBIOP2260-24,r_1_s_50_fcleaner,>BBIOP2260-24_r_1_s_50_BBIOP2260-24_fcleaner,1720622,WJR82112.1,genus:Amphimallon,null,454,null,null,0.0,110.0,25.9,18.0,0,854,38,0,3,92.76
BBIOP2261-24_r_1_s_50_BBIOP2261-24_fcleaner,BBIOP2261-24,r_1_s_50_fcleaner,>BBIOP2261-24_r_1_s_50_BBIOP2261-24_fcleaner,1720622,WJR82112.1,genus:Amphimallon,null,2103,null,null,0.0,176.0,71.17,62.0,0,2298,30,0,0,97.46
BBIOP2227-24_r_1.3_s_50_BBIOP2227-24_fcleaner,BBIOP2227-24,r_1.3_s_50_fcleaner,>BBIOP2227-24_r_1.3_s_50_BBIOP2227-24_fcleaner,702309,AND96251.1,family:Scarabaeidae,null,151,null,null,0.0,46.0,5.84,1.0,0,248,0,0,0,52.33
BBIOP2230-24_r_1.3_s_100_BBIOP2230-24_fcleaner,BBIOP2230-24,r_1.3_s_100_fcleaner,>BBIOP2230-24_r_1.3_s_100_BBIOP2230-24_fcleaner,702309,AND96251.1,family:Scarabaeidae,null,111,null,null,0.0,18.0,5.28,4.0,0,18,6,0,0,76.94
BBIOP2205-24_r_1.3_s_100_BBIOP2205-24_fcleaner,BBIOP2205-24,r_1.3_s_100_fcleaner,>BBIOP2205-24_r_1.3_s_100_BBIOP2205-24_fcleaner,166353,AND96251.1,genus:Onthophagus,null,20,null,null,0.0,12.0,1.62,0.0,0,0,1,0,0,43.22
BBIOP2242-24_r_1.5_s_100_BBIOP2242-24_fcleaner,BBIOP2242-24,r_1.5_s_100_fcleaner,>BBIOP2242-24_r_1.5_s_100_BBIOP2242-24_fcleaner,702309,AND96251.1,family:Scarabaeidae,null,3158,null,null,0.0,439.0,153.31,151.0,0,182,219,0,0,91.67
BBIOP2188-24_r_1.3_s_100_BBIOP2188-24_fcleaner,BBIOP2188-24,r_1.3_s_100_fcleaner,>BBIOP2188-24_r_1.3_s_100_BBIOP2188-24_fcleaner,166368,XPK45401.1,genus:Gymnopleurus,null,39,null,null,0.0,19.0,1.73,0.0,0,225,0,0,0,21.79
BBIOP2192-24_r_1.5_s_50_BBIOP2192-24_fcleaner,BBIOP2192-24,r_1.5_s_50_fcleaner,>BBIOP2192-24_r_1.5_s_50_BBIOP2192-24_fcleaner,166330,AND96329.1,genus:Onitis,null,462,null,null,0.0,82.0,19.43,16.0,0,171,21,0,0,90.68
BBIOP2222-24_r_1.3_s_50_BBIOP2222-24_fcleaner,BBIOP2222-24,r_1.3_s_50_fcleaner,>BBIOP2222-24_r_1.3_s_50_BBIOP2222-24_fcleaner,702309,AND96251.1,family:Scarabaeidae,null,370,null,null,0.0,74.0,14.37,11.0,0,256,2,0,0,90.89
BBIOP2249-24_r_1.3_s_100_BBIOP2249-24_fcleaner,BBIOP2249-24,r_1.3_s_100_fcleaner,>BBIOP2249-24_r_1.3_s_100_BBIOP2249-24_fcleaner,1720622,WJR82112.1,genus:Amphimallon,null,101,null,null,0.0,24.0,5.03,4.0,0,46,0,0,0,79.45
BBIOP2233-24_r_1.5_s_100_BBIOP2233-24_fcleaner,BBIOP2233-24,r_1.5_s_100_fcleaner,>BBIOP2233-24_r_1.5_s_100_BBIOP2233-24_fcleaner,702309,AND96251.1,family:Scarabaeidae,null,60,null,null,0.0,16.0,2.85,2.0,0,0,0,0,0,56.01
BBIOP2228-24_r_1.3_s_50_BBIOP2228-24_fcleaner,BBIOP2228-24,r_1.3_s_50_fcleaner,>BBIOP2228-24_r_1.3_s_50_BBIOP2228-24_fcleaner,702309,AND96251.1,family:Scarabaeidae,null,141,null,null,0.0,50.0,5.22,1.0,0,227,2,0,0,54.26
BBIOP2232-24_r_1.5_s_50_BBIOP2232-24_fcleaner,BBIOP2232-24,r_1.5_s_50_fcleaner,>BBIOP2232-24_r_1.5_s_50_BBIOP2232-24_fcleaner,702309,AND96251.1,family:Scarabaeidae,null,994,null,null,0.0,94.0,45.22,46.0,0,72,13,0,0,97.09
BBIOP2188-24_r_1_s_50_BBIOP2188-24_fcleaner,BBIOP2188-24,r_1_s_50_fcleaner,>BBIOP2188-24_r_1_s_50_BBIOP2188-24_fcleaner,166368,XPK45401.1,genus:Gymnopleurus,null,457,null,null,0.0,130.0,25.84,18.0,0,1065,37,0,0,83.07
BBIOP2244-24_r_1.3_s_50_BBIOP2244-24_fcleaner,BBIOP2244-24,r_1.3_s_50_fcleaner,>BBIOP2244-24_r_1.3_s_50_BBIOP2244-24_fcleaner,702309,AND96251.1,family:Scarabaeidae,null,711,null,null,0.0,92.0,25.29,24.0,0,187,14,0,0,98.84
BBIOP2187-24_r_1_s_50_BBIOP2187-24_fcleaner,BBIOP2187-24,r_1_s_50_fcleaner,>BBIOP2187-24_r_1_s_50_BBIOP2187-24_fcleaner,166368,XPK45401.1,genus:Gymnopleurus,null,13531,null,null,0.0,2669.0,655.93,508.0,0,4725,125,0,0,99.81
BBIOP2270-24_r_1_s_100_BBIOP2270-24_fcleaner,BBIOP2270-24,r_1_s_100_fcleaner,>BBIOP2270-24_r_1_s_100_BBIOP2270-24_fcleaner,1720622,WJR82112.1,genus:Amphimallon,null,402,null,null,0.0,104.0,33.12,27.0,0,357,32,0,3,86.69
BBIOP2221-24_r_1.3_s_50_BBIOP2221-24_fcleaner,BBIOP2221-24,r_1.3_s_50_fcleaner,>BBIOP2221-24_r_1.3_s_50_BBIOP2221-24_fcleaner,702309,AND96251.1,family:Scarabaeidae,null,1631,null,null,0.0,160.0,58.34,54.0,0,253,38,0,0,98.84
BBIOP2280-24_r_1_s_100_BBIOP2280-24_fcleaner,BBIOP2280-24,r_1_s_100_fcleaner,>BBIOP2280-24_r_1_s_100_BBIOP2280-24_fcleaner,1971888,XCN33691.1,subfamily:Melolonthinae,null,1093,null,null,0.0,128.0,50.97,46.0,0,91,6,0,0,99.81
BBIOP2188-24_r_1_s_100_BBIOP2188-24_fcleaner,BBIOP2188-24,r_1_s_100_fcleaner,>BBIOP2188-24_r_1_s_100_BBIOP2188-24_fcleaner,166368,XPK45401.1,genus:Gymnopleurus,null,331,null,null,0.0,98.0,27.34,20.5,0,270,34,0,0,85.8
BBIOP2247-24_r_1_s_50_BBIOP2247-24_fcleaner,BBIOP2247-24,r_1_s_50_fcleaner,>BBIOP2247-24_r_1_s_50_BBIOP2247-24_fcleaner,1720622,WJR82112.1,genus:Amphimallon,null,13042,null,null,225.0,1234.0,707.9,691.0,0,1313,125,0,0,100.0
BBIOP2269-24_r_1.5_s_100_BBIOP2269-24_fcleaner,BBIOP2269-24,r_1.5_s_100_fcleaner,>BBIOP2269-24_r_1.5_s_100_BBIOP2269-24_fcleaner,1720622,WJR82112.1,genus:Amphimallon,null,1220,null,null,0.0,236.0,56.44,46.0,0,27,20,0,0,97.65
BBIOP2208-24_r_1.5_s_100_BBIOP2208-24_fcleaner,BBIOP2208-24,r_1.5_s_100_fcleaner,>BBIOP2208-24_r_1.5_s_100_BBIOP2208-24_fcleaner,166359,AND96251.1,genus:Onthophagus,null,188,null,null,0.0,40.0,10.11,8.0,0,27,8,0,0,83.72
BBIOP2260-24_r_1.5_s_100_BBIOP2260-24_fcleaner,BBIOP2260-24,r_1.5_s_100_fcleaner,>BBIOP2260-24_r_1.5_s_100_BBIOP2260-24_fcleaner,1720622,WJR82112.1,genus:Amphimallon,null,46,null,null,0.0,12.0,2.04,2.0,0,25,0,0,0,58.12
BBIOP2200-24_r_1_s_50_BBIOP2200-24_fcleaner,BBIOP2200-24,r_1_s_50_fcleaner,>BBIOP2200-24_r_1_s_50_BBIOP2200-24_fcleaner,166332,AND96251.1,genus:Onthophagus,null,460,null,null,0.0,84.0,20.84,14.0,0,1769,17,0,0,93.41
BBIOP2197-24_r_1.3_s_100_BBIOP2197-24_fcleaner,BBIOP2197-24,r_1.3_s_100_fcleaner,>BBIOP2197-24_r_1.3_s_100_BBIOP2197-24_fcleaner,166365,AND96251.1,tribe:Onthophagini,null,3691,null,null,2.0,491.0,220.16,209.0,0,628,85,0,0,100.0
BBIOP2254-24_r_1.3_s_100_BBIOP2254-24_fcleaner,BBIOP2254-24,r_1.3_s_100_fcleaner,>BBIOP2254-24_r_1.3_s_100_BBIOP2254-24_fcleaner,1720622,WJR82112.1,genus:Amphimallon,null,173,null,null,0.0,36.0,7.95,6.0,0,106,2,0,0,79.65
BBIOP2275-24_r_1.3_s_50_BBIOP2275-24_fcleaner,BBIOP2275-24,r_1.3_s_50_fcleaner,>BBIOP2275-24_r_1.3_s_50_BBIOP2275-24_fcleaner,1971888,XCN33691.1,subfamily:Melolonthinae,null,3492,null,null,0.0,540.0,113.97,100.0,0,809,39,0,0,99.81
BBIOP2220-24_r_1_s_100_BBIOP2220-24_fcleaner,BBIOP2220-24,r_1_s_100_fcleaner,>BBIOP2220-24_r_1_s_100_BBIOP2220-24_fcleaner,702309,AND96251.1,family:Scarabaeidae,null,140,null,null,0.0,20.0,6.98,6.0,0,66,12,0,0,86.24
BBIOP2212-24_r_1.5_s_100_BBIOP2212-24_fcleaner,BBIOP2212-24,r_1.5_s_100_fcleaner,>BBIOP2212-24_r_1.5_s_100_BBIOP2212-24_fcleaner,2722830,YP_010631648.1,family:Glaphyridae,null,303,null,null,0.0,89.0,15.3,12.0,0,21,13,0,0,83.95
BBIOP2241-24_r_1_s_50_BBIOP2241-24_fcleaner,BBIOP2241-24,r_1_s_50_fcleaner,>BBIOP2241-24_r_1_s_50_BBIOP2241-24_fcleaner,702309,AND96251.1,family:Scarabaeidae,null,662,null,null,0.0,144.0,40.06,37.0,0,312,35,0,0,90.12
BBIOP2272-24_r_1_s_100_BBIOP2272-24_fcleaner,BBIOP2272-24,r_1_s_100_fcleaner,>BBIOP2272-24_r_1_s_100_BBIOP2272-24_fcleaner,1971888,XCN33691.1,subfamily:Melolonthinae,null,183,null,null,0.0,93.0,13.82,9.0,0,18,15,0,6,76.22
BBIOP2254-24_r_1.5_s_100_BBIOP2254-24_fcleaner,BBIOP2254-24,r_1.5_s_100_fcleaner,>BBIOP2254-24_r_1.5_s_100_BBIOP2254-24_fcleaner,1720622,WJR82112.1,genus:Amphimallon,null,228,null,null,0.0,54.0,10.37,8.0,0,28,2,0,0,81.41
BBIOP2246-24_r_1.5_s_100_BBIOP2246-24_fcleaner,BBIOP2246-24,r_1.5_s_100_fcleaner,>BBIOP2246-24_r_1.5_s_100_BBIOP2246-24_fcleaner,1720622,WJR82112.1,genus:Amphimallon,null,744,null,null,4.0,115.0,40.12,38.0,0,21,6,0,0,100.0
BBIOP2241-24_r_1.5_s_100_BBIOP2241-24_fcleaner,BBIOP2241-24,r_1.5_s_100_fcleaner,>BBIOP2241-24_r_1.5_s_100_BBIOP2241-24_fcleaner,702309,AND96251.1,family:Scarabaeidae,null,24,null,null,0.0,10.0,1.22,0.0,0,49,2,0,0,30.23
BBIOP2213-24_r_1.5_s_50_BBIOP2213-24_fcleaner,BBIOP2213-24,r_1.5_s_50_fcleaner,>BBIOP2213-24_r_1.5_s_50_BBIOP2213-24_fcleaner,2722830,YP_010631648.1,family:Glaphyridae,null,6244,null,null,0.0,646.0,263.28,253.0,0,750,61,0,0,99.02
BBIOP2201-24_r_1.3_s_50_BBIOP2201-24_fcleaner,BBIOP2201-24,r_1.3_s_50_fcleaner,>BBIOP2201-24_r_1.3_s_50_BBIOP2201-24_fcleaner,166350,AND96251.1,genus:Onthophagus,null,6201,null,null,0.0,1539.0,303.72,225.5,0,5174,431,0,0,99.22
BBIOP2252-24_r_1.3_s_100_BBIOP2252-24_fcleaner,BBIOP2252-24,r_1.3_s_100_fcleaner,>BBIOP2252-24_r_1.3_s_100_BBIOP2252-24_fcleaner,1720622,WJR82112.1,genus:Amphimallon,null,1488,null,null,19.0,282.0,70.96,58.0,0,50,33,0,0,100.0
BBIOP2256-24_r_1.5_s_50_BBIOP2256-24_fcleaner,BBIOP2256-24,r_1.5_s_50_fcleaner,>BBIOP2256-24_r_1.5_s_50_BBIOP2256-24_fcleaner,1720622,WJR82112.1,genus:Amphimallon,null,69,null,null,0.0,19.0,2.44,0.0,0,95,0,0,0,39.14
BBIOP2222-24_r_1_s_100_BBIOP2222-24_fcleaner,BBIOP2222-24,r_1_s_100_fcleaner,>BBIOP2222-24_r_1_s_100_BBIOP2222-24_fcleaner,702309,AND96251.1,family:Scarabaeidae,null,161,null,null,0.0,48.0,13.84,11.0,0,256,13,0,0,72.87
BBIOP2249-24_r_1_s_100_BBIOP2249-24_fcleaner,BBIOP2249-24,r_1_s_100_fcleaner,>BBIOP2249-24_r_1_s_100_BBIOP2249-24_fcleaner,1720622,WJR82112.1,genus:Amphimallon,null,30,null,null,0.0,8.0,1.44,0.0,0,174,0,0,0,39.53
BBIOP2206-24_r_1_s_100_BBIOP2206-24_fcleaner,BBIOP2206-24,r_1_s_100_fcleaner,>BBIOP2206-24_r_1_s_100_BBIOP2206-24_fcleaner,166353,AND96251.1,genus:Onthophagus,null,296,null,null,0.0,98.0,20.98,4.0,0,317,43,0,0,57.56
BBIOP2228-24_r_1.3_s_100_BBIOP2228-24_fcleaner,BBIOP2228-24,r_1.3_s_100_fcleaner,>BBIOP2228-24_r_1.3_s_100_BBIOP2228-24_fcleaner,702309,AND96251.1,family:Scarabaeidae,null,41,null,null,0.0,17.0,2.67,0.0,0,59,1,0,0,40.89
BBIOP2273-24_r_1_s_100_BBIOP2273-24_fcleaner,BBIOP2273-24,r_1_s_100_fcleaner,>BBIOP2273-24_r_1_s_100_BBIOP2273-24_fcleaner,1971888,XCN33691.1,subfamily:Melolonthinae,null,424,null,null,0.0,114.0,33.55,26.0,0,20,28,0,3,89.28
BBIOP2271-24_r_1.5_s_50_BBIOP2271-24_fcleaner,BBIOP2271-24,r_1.5_s_50_fcleaner,>BBIOP2271-24_r_1.5_s_50_BBIOP2271-24_fcleaner,1720622,WJR82112.1,genus:Amphimallon,null,3262,null,null,8.0,408.0,112.25,92.0,0,439,31,0,0,100.0
BBIOP2280-24_r_1.5_s_100_BBIOP2280-24_fcleaner,BBIOP2280-24,r_1.5_s_100_fcleaner,>BBIOP2280-24_r_1.5_s_100_BBIOP2280-24_fcleaner,1971888,XCN33691.1,subfamily:Melolonthinae,null,1059,null,null,0.0,128.0,49.16,46.0,0,47,8,0,0,99.81
BBIOP2213-24_r_1_s_50_BBIOP2213-24_fcleaner,BBIOP2213-24,r_1_s_50_fcleaner,>BBIOP2213-24_r_1_s_50_BBIOP2213-24_fcleaner,2722830,YP_010631648.1,family:Glaphyridae,null,8719,null,null,3.0,734.0,365.78,330.0,0,1079,117,0,0,100.0
BBIOP2258-24_r_1.3_s_50_BBIOP2258-24_fcleaner,BBIOP2258-24,r_1.3_s_50_fcleaner,>BBIOP2258-24_r_1.3_s_50_BBIOP2258-24_fcleaner,1720622,WJR82112.1,genus:Amphimallon,null,1309,null,null,1.0,141.0,82.77,90.0,0,525,58,0,0,100.0
BBIOP2221-24_r_1_s_50_BBIOP2221-24_fcleaner,BBIOP2221-24,r_1_s_50_fcleaner,>BBIOP2221-24_r_1_s_50_BBIOP2221-24_fcleaner,702309,AND96251.1,family:Scarabaeidae,null,1756,null,null,0.0,160.0,62.17,59.0,0,373,58,0,0,99.03
BBIOP2259-24_r_1.3_s_100_BBIOP2259-24_fcleaner,BBIOP2259-24,r_1.3_s_100_fcleaner,>BBIOP2259-24_r_1.3_s_100_BBIOP2259-24_fcleaner,1720622,WJR82112.1,genus:Amphimallon,null,66,null,null,0.0,28.0,5.98,2.0,0,78,4,0,0,65.75
BBIOP2243-24_r_1_s_100_BBIOP2243-24_fcleaner,BBIOP2243-24,r_1_s_100_fcleaner,>BBIOP2243-24_r_1_s_100_BBIOP2243-24_fcleaner,702309,AND96251.1,family:Scarabaeidae,null,115027,null,null,0.0,12269.0,5984.37,5624.0,0,10598,1752,0,0,99.03
BBIOP2268-24_r_1_s_50_BBIOP2268-24_fcleaner,BBIOP2268-24,r_1_s_50_fcleaner,>BBIOP2268-24_r_1_s_50_BBIOP2268-24_fcleaner,1720622,WJR82112.1,genus:Amphimallon,null,325563,null,null,1511.0,23208.0,12451.71,12453.0,0,49955,3065,0,0,100.0
BBIOP2233-24_r_1.3_s_50_BBIOP2233-24_fcleaner,BBIOP2233-24,r_1.3_s_50_fcleaner,>BBIOP2233-24_r_1.3_s_50_BBIOP2233-24_fcleaner,702309,AND96251.1,family:Scarabaeidae,null,431,null,null,0.0,40.0,14.07,12.0,0,44,12,0,0,94.77
BBIOP2189-24_r_1_s_100_BBIOP2189-24_fcleaner,BBIOP2189-24,r_1_s_100_fcleaner,>BBIOP2189-24_r_1_s_100_BBIOP2189-24_fcleaner,206731,YP_009729770.1,genus:Copris,null,5480,null,null,221.0,623.0,459.21,475.5,0,163,98,0,0,100.0
BBIOP2265-24_r_1_s_100_BBIOP2265-24_fcleaner,BBIOP2265-24,r_1_s_100_fcleaner,>BBIOP2265-24_r_1_s_100_BBIOP2265-24_fcleaner,1720622,WJR82112.1,genus:Amphimallon,null,868,null,null,2.0,98.0,41.93,40.0,0,330,48,0,0,100.0
BBIOP2224-24_r_1.5_s_100_BBIOP2224-24_fcleaner,BBIOP2224-24,r_1.5_s_100_fcleaner,>BBIOP2224-24_r_1.5_s_100_BBIOP2224-24_fcleaner,702309,AND96251.1,family:Scarabaeidae,null,78,null,null,0.0,16.0,3.4,0.0,0,61,0,0,0,42.44
BBIOP2199-24_r_1.5_s_50_BBIOP2199-24_fcleaner,BBIOP2199-24,r_1.5_s_50_fcleaner,>BBIOP2199-24_r_1.5_s_50_BBIOP2199-24_fcleaner,166332,AND96251.1,genus:Onthophagus,null,2950,null,null,0.0,485.0,192.69,172.0,0,738,35,0,0,99.42
BBIOP2190-24_r_1_s_100_BBIOP2190-24_fcleaner,BBIOP2190-24,r_1_s_100_fcleaner,>BBIOP2190-24_r_1_s_100_BBIOP2190-24_fcleaner,166326,AND96368.1,species:Bubas bison,null,294,null,null,0.0,67.0,25.33,26.5,0,39,24,0,3,81.84
BBIOP2204-24_r_1.5_s_50_BBIOP2204-24_fcleaner,BBIOP2204-24,r_1.5_s_50_fcleaner,>BBIOP2204-24_r_1.5_s_50_BBIOP2204-24_fcleaner,1541080,AND96251.1,genus:Onthophagus,null,19,null,null,0.0,8.0,1.03,0.0,0,4,1,0,0,24.61
BBIOP2236-24_r_1_s_50_BBIOP2236-24_fcleaner,BBIOP2236-24,r_1_s_50_fcleaner,>BBIOP2236-24_r_1_s_50_BBIOP2236-24_fcleaner,702309,AND96251.1,family:Scarabaeidae,null,1020,null,null,0.0,78.0,35.45,36.0,0,544,98,0,0,99.81
BBIOP2241-24_r_1.3_s_100_BBIOP2241-24_fcleaner,BBIOP2241-24,r_1.3_s_100_fcleaner,>BBIOP2241-24_r_1.3_s_100_BBIOP2241-24_fcleaner,702309,AND96251.1,family:Scarabaeidae,null,28,null,null,0.0,10.0,1.55,0.0,0,115,0,0,0,34.11
BBIOP2186-24_r_1.5_s_50_BBIOP2186-24_fcleaner,BBIOP2186-24,r_1.5_s_50_fcleaner,>BBIOP2186-24_r_1.5_s_50_BBIOP2186-24_fcleaner,1172027,AND96251.1,subfamily:Scarabaeinae,null,3135,null,null,0.0,459.0,106.58,88.0,0,547,18,0,0,96.51
BBIOP2237-24_r_1.5_s_100_BBIOP2237-24_fcleaner,BBIOP2237-24,r_1.5_s_100_fcleaner,>BBIOP2237-24_r_1.5_s_100_BBIOP2237-24_fcleaner,702309,AND96251.1,family:Scarabaeidae,null,304,null,null,0.0,80.0,12.99,10.0,0,31,2,0,0,77.91
BBIOP2244-24_r_1.5_s_50_BBIOP2244-24_fcleaner,BBIOP2244-24,r_1.5_s_50_fcleaner,>BBIOP2244-24_r_1.5_s_50_BBIOP2244-24_fcleaner,702309,AND96251.1,family:Scarabaeidae,null,578,null,null,0.0,90.0,20.56,18.0,0,131,8,0,0,96.71
BBIOP2247-24_r_1_s_100_BBIOP2247-24_fcleaner,BBIOP2247-24,r_1_s_100_fcleaner,>BBIOP2247-24_r_1_s_100_BBIOP2247-24_fcleaner,1720622,WJR82112.1,genus:Amphimallon,null,9654,null,null,221.0,1099.0,597.77,590.0,0,483,81,0,0,100.0
BBIOP2244-24_r_1_s_100_BBIOP2244-24_fcleaner,BBIOP2244-24,r_1_s_100_fcleaner,>BBIOP2244-24_r_1_s_100_BBIOP2244-24_fcleaner,702309,AND96251.1,family:Scarabaeidae,null,206,null,null,0.0,34.0,10.5,8.0,0,82,10,0,0,97.09
BBIOP2234-24_r_1.5_s_50_BBIOP2234-24_fcleaner,BBIOP2234-24,r_1.5_s_50_fcleaner,>BBIOP2234-24_r_1.5_s_50_BBIOP2234-24_fcleaner,702309,AND96251.1,family:Scarabaeidae,null,7,null,null,0.0,7.0,0.24,0.0,0,9,0,0,0,3.49
BBIOP2254-24_r_1.3_s_50_BBIOP2254-24_fcleaner,BBIOP2254-24,r_1.3_s_50_fcleaner,>BBIOP2254-24_r_1.3_s_50_BBIOP2254-24_fcleaner,1720622,WJR82112.1,genus:Amphimallon,null,802,null,null,0.0,182.0,27.28,20.0,0,150,10,0,0,88.26
BBIOP2203-24_r_1_s_100_BBIOP2203-24_fcleaner,BBIOP2203-24,r_1_s_100_fcleaner,>BBIOP2203-24_r_1_s_100_BBIOP2203-24_fcleaner,1541080,AND96251.1,genus:Onthophagus,null,148,null,null,0.0,37.0,11.08,6.0,0,118,13,0,6,73.45
BBIOP2189-24_r_1_s_50_BBIOP2189-24_fcleaner,BBIOP2189-24,r_1_s_50_fcleaner,>BBIOP2189-24_r_1_s_50_BBIOP2189-24_fcleaner,206731,YP_009729770.1,genus:Copris,null,5927,null,null,314.0,646.0,475.3,487.5,0,189,101,0,0,100.0
BBIOP2268-24_r_1.5_s_50_BBIOP2268-24_fcleaner,BBIOP2268-24,r_1.5_s_50_fcleaner,>BBIOP2268-24_r_1.5_s_50_BBIOP2268-24_fcleaner,1720622,WJR82112.1,genus:Amphimallon,null,308409,null,null,268.0,22898.0,11813.82,11913.0,0,34657,2703,0,0,100.0
BBIOP2240-24_r_1.5_s_50_BBIOP2240-24_fcleaner,BBIOP2240-24,r_1.5_s_50_fcleaner,>BBIOP2240-24_r_1.5_s_50_BBIOP2240-24_fcleaner,702309,AND96251.1,family:Scarabaeidae,null,1924,null,null,0.0,284.0,71.07,63.5,0,265,89,0,0,93.99
BBIOP2196-24_r_1.5_s_100_BBIOP2196-24_fcleaner,BBIOP2196-24,r_1.5_s_100_fcleaner,>BBIOP2196-24_r_1.5_s_100_BBIOP2196-24_fcleaner,166343,AND96617.1,genus:Euoniticellus,null,7545,null,null,0.0,1319.0,387.11,303.0,0,2330,60,0,0,99.81
BBIOP2189-24_r_1.3_s_50_BBIOP2189-24_fcleaner,BBIOP2189-24,r_1.3_s_50_fcleaner,>BBIOP2189-24_r_1.3_s_50_BBIOP2189-24_fcleaner,206731,YP_009729770.1,genus:Copris,null,5904,null,null,314.0,641.0,473.55,486.0,0,172,101,0,0,100.0
BBIOP2186-24_r_1_s_100_BBIOP2186-24_fcleaner,BBIOP2186-24,r_1_s_100_fcleaner,>BBIOP2186-24_r_1_s_100_BBIOP2186-24_fcleaner,1172027,AND96251.1,subfamily:Scarabaeinae,null,431,null,null,0.0,60.0,19.89,16.0,0,845,9,0,0,86.82
BBIOP2250-24_r_1.3_s_50_BBIOP2250-24_fcleaner,BBIOP2250-24,r_1.3_s_50_fcleaner,>BBIOP2250-24_r_1.3_s_50_BBIOP2250-24_fcleaner,1720622,WJR82112.1,genus:Amphimallon,null,346,null,null,0.0,43.0,12.02,10.0,0,83,12,0,0,92.76
BBIOP2266-24_r_1.5_s_50_BBIOP2266-24_fcleaner,BBIOP2266-24,r_1.5_s_50_fcleaner,>BBIOP2266-24_r_1.5_s_50_BBIOP2266-24_fcleaner,1720622,WJR82112.1,genus:Amphimallon,null,3356,null,null,21.0,278.0,148.99,149.0,0,116,36,0,0,100.0
BBIOP2191-24_r_1.3_s_100_BBIOP2191-24_fcleaner,BBIOP2191-24,r_1.3_s_100_fcleaner,>BBIOP2191-24_r_1.3_s_100_BBIOP2191-24_fcleaner,166340,AND96355.1,species:Bubas bubalus,null,3787,null,null,103.0,553.0,247.65,223.0,0,706,71,0,0,100.0
BBIOP2263-24_r_1_s_50_BBIOP2263-24_fcleaner,BBIOP2263-24,r_1_s_50_fcleaner,>BBIOP2263-24_r_1_s_50_BBIOP2263-24_fcleaner,1720622,WJR82112.1,genus:Amphimallon,null,3895,null,null,0.0,959.0,117.01,84.0,0,3749,168,0,0,97.85
BBIOP2245-24_r_1_s_50_BBIOP2245-24_fcleaner,BBIOP2245-24,r_1_s_50_fcleaner,>BBIOP2245-24_r_1_s_50_BBIOP2245-24_fcleaner,1720622,WJR82112.1,genus:Amphimallon,null,1970,null,null,25.0,185.0,90.08,84.0,0,334,18,0,0,100.0
BBIOP2198-24_r_1.5_s_100_BBIOP2198-24_fcleaner,BBIOP2198-24,r_1.5_s_100_fcleaner,>BBIOP2198-24_r_1.5_s_100_BBIOP2198-24_fcleaner,166365,AND96251.1,tribe:Onthophagini,null,21797,null,null,0.0,2247.0,1375.42,1384.0,0,1748,230,0,0,99.22
BBIOP2202-24_r_1.3_s_100_BBIOP2202-24_fcleaner,BBIOP2202-24,r_1.3_s_100_fcleaner,>BBIOP2202-24_r_1.3_s_100_BBIOP2202-24_fcleaner,166350,AND96251.1,genus:Onthophagus,null,218,null,null,0.0,40.0,13.41,12.0,0,165,8,0,0,97.48
BBIOP2230-24_r_1.5_s_100_BBIOP2230-24_fcleaner,BBIOP2230-24,r_1.5_s_100_fcleaner,>BBIOP2230-24_r_1.5_s_100_BBIOP2230-24_fcleaner,702309,AND96251.1,family:Scarabaeidae,null,102,null,null,0.0,18.0,4.81,4.0,0,10,6,0,0,69.57
BBIOP2228-24_r_1.5_s_50_BBIOP2228-24_fcleaner,BBIOP2228-24,r_1.5_s_50_fcleaner,>BBIOP2228-24_r_1.5_s_50_BBIOP2228-24_fcleaner,702309,AND96251.1,family:Scarabaeidae,null,64,null,null,0.0,30.0,1.81,0.0,0,102,0,0,0,21.32
BBIOP2226-24_r_1_s_50_BBIOP2226-24_fcleaner,BBIOP2226-24,r_1_s_50_fcleaner,>BBIOP2226-24_r_1_s_50_BBIOP2226-24_fcleaner,702309,AND96251.1,family:Scarabaeidae,null,848,null,null,0.0,235.0,53.96,48.0,0,28,68,0,3,88.76
BBIOP2279-24_r_1_s_50_BBIOP2279-24_fcleaner,BBIOP2279-24,r_1_s_50_fcleaner,>BBIOP2279-24_r_1_s_50_BBIOP2279-24_fcleaner,1971888,XCN33691.1,subfamily:Melolonthinae,null,622,null,null,0.0,94.0,23.78,18.0,0,310,36,0,0,99.22
BBIOP2238-24_r_1.5_s_50_BBIOP2238-24_fcleaner,BBIOP2238-24,r_1.5_s_50_fcleaner,>BBIOP2238-24_r_1.5_s_50_BBIOP2238-24_fcleaner,702309,AND96251.1,family:Scarabaeidae,null,339,null,null,0.0,40.0,11.52,10.0,0,180,16,0,0,84.88
BBIOP2248-24_r_1.5_s_50_BBIOP2248-24_fcleaner,BBIOP2248-24,r_1.5_s_50_fcleaner,>BBIOP2248-24_r_1.5_s_50_BBIOP2248-24_fcleaner,1720622,WJR82112.1,genus:Amphimallon,null,526,null,null,0.0,44.0,18.8,18.0,0,61,14,0,0,98.24
BBIOP2230-24_r_1_s_100_BBIOP2230-24_fcleaner,BBIOP2230-24,r_1_s_100_fcleaner,>BBIOP2230-24_r_1_s_100_BBIOP2230-24_fcleaner,702309,AND96251.1,family:Scarabaeidae,null,96,null,null,0.0,16.0,4.59,4.0,0,72,4,0,0,74.42
BBIOP2256-24_r_1.3_s_100_BBIOP2256-24_fcleaner,BBIOP2256-24,r_1.3_s_100_fcleaner,>BBIOP2256-24_r_1.3_s_100_BBIOP2256-24_fcleaner,1720622,WJR82112.1,genus:Amphimallon,null,59,null,null,0.0,33.0,4.2,0.0,0,13,2,0,0,45.99
BBIOP2278-24_r_1.3_s_50_BBIOP2278-24_fcleaner,BBIOP2278-24,r_1.3_s_50_fcleaner,>BBIOP2278-24_r_1.3_s_50_BBIOP2278-24_fcleaner,1971888,XCN33691.1,subfamily:Melolonthinae,null,2080,null,null,23.0,178.0,81.69,78.0,0,513,54,0,0,100.0
BBIOP2199-24_r_1_s_50_BBIOP2199-24_fcleaner,BBIOP2199-24,r_1_s_50_fcleaner,>BBIOP2199-24_r_1_s_50_BBIOP2199-24_fcleaner,166332,AND96251.1,genus:Onthophagus,null,3022,null,null,0.0,490.0,196.34,177.0,0,869,40,0,0,99.42
BBIOP2195-24_r_1_s_100_BBIOP2195-24_fcleaner,BBIOP2195-24,r_1_s_100_fcleaner,>BBIOP2195-24_r_1_s_100_BBIOP2195-24_fcleaner,166346,AND96329.1,genus:Onitis,null,1028,null,null,0.0,128.0,49.34,46.0,0,806,93,0,0,99.03
BBIOP2279-24_r_1.5_s_50_BBIOP2279-24_fcleaner,BBIOP2279-24,r_1.5_s_50_fcleaner,>BBIOP2279-24_r_1.5_s_50_BBIOP2279-24_fcleaner,1971888,XCN33691.1,subfamily:Melolonthinae,null,486,null,null,0.0,72.0,19.34,16.0,0,109,12,0,0,98.83
BBIOP2223-24_r_1_s_100_BBIOP2223-24_fcleaner,BBIOP2223-24,r_1_s_100_fcleaner,>BBIOP2223-24_r_1_s_100_BBIOP2223-24_fcleaner,702309,AND96251.1,family:Scarabaeidae,null,127,null,null,0.0,50.0,6.44,2.0,0,261,1,0,3,68.22
BBIOP2187-24_r_1_s_100_BBIOP2187-24_fcleaner,BBIOP2187-24,r_1_s_100_fcleaner,>BBIOP2187-24_r_1_s_100_BBIOP2187-24_fcleaner,166368,XPK45401.1,genus:Gymnopleurus,null,8819,null,null,0.0,1697.0,504.09,410.0,0,2642,79,0,0,99.81
BBIOP2279-24_r_1.3_s_100_BBIOP2279-24_fcleaner,BBIOP2279-24,r_1.3_s_100_fcleaner,>BBIOP2279-24_r_1.3_s_100_BBIOP2279-24_fcleaner,1971888,XCN33691.1,subfamily:Melolonthinae,null,229,null,null,0.0,43.0,11.34,10.0,0,82,8,0,0,92.79
BBIOP2206-24_r_1.3_s_100_BBIOP2206-24_fcleaner,BBIOP2206-24,r_1.3_s_100_fcleaner,>BBIOP2206-24_r_1.3_s_100_BBIOP2206-24_fcleaner,166353,AND96251.1,genus:Onthophagus,null,117,null,null,0.0,31.0,6.47,5.0,0,153,6,0,0,75.78
BBIOP2200-24_r_1.5_s_100_BBIOP2200-24_fcleaner,BBIOP2200-24,r_1.5_s_100_fcleaner,>BBIOP2200-24_r_1.5_s_100_BBIOP2200-24_fcleaner,166332,AND96251.1,genus:Onthophagus,null,478,null,null,0.0,52.0,25.49,26.0,0,352,5,0,0,99.03
BBIOP2221-24_r_1.3_s_100_BBIOP2221-24_fcleaner,BBIOP2221-24,r_1.3_s_100_fcleaner,>BBIOP2221-24_r_1.3_s_100_BBIOP2221-24_fcleaner,702309,AND96251.1,family:Scarabaeidae,null,573,null,null,0.0,88.0,27.14,20.0,0,41,6,0,0,98.84
BBIOP2200-24_r_1_s_100_BBIOP2200-24_fcleaner,BBIOP2200-24,r_1_s_100_fcleaner,>BBIOP2200-24_r_1_s_100_BBIOP2200-24_fcleaner,166332,AND96251.1,genus:Onthophagus,null,252,null,null,0.0,48.0,13.42,10.0,0,983,4,0,0,79.65
BBIOP2201-24_r_1_s_50_BBIOP2201-24_fcleaner,BBIOP2201-24,r_1_s_50_fcleaner,>BBIOP2201-24_r_1_s_50_BBIOP2201-24_fcleaner,166350,AND96251.1,genus:Onthophagus,null,7178,null,null,0.0,1593.0,384.58,259.5,0,5669,607,0,0,99.42
BBIOP2267-24_r_1.5_s_100_BBIOP2267-24_fcleaner,BBIOP2267-24,r_1.5_s_100_fcleaner,>BBIOP2267-24_r_1.5_s_100_BBIOP2267-24_fcleaner,1720622,WJR82112.1,genus:Amphimallon,null,1834,null,null,0.0,274.0,82.61,72.0,0,120,17,0,0,99.22
BBIOP2239-24_r_1_s_50_BBIOP2239-24_fcleaner,BBIOP2239-24,r_1_s_50_fcleaner,>BBIOP2239-24_r_1_s_50_BBIOP2239-24_fcleaner,702309,AND96251.1,family:Scarabaeidae,null,455,null,null,0.0,117.0,29.09,25.0,0,34,36,0,1,83.91
BBIOP2195-24_r_1.3_s_50_BBIOP2195-24_fcleaner,BBIOP2195-24,r_1.3_s_50_fcleaner,>BBIOP2195-24_r_1.3_s_50_BBIOP2195-24_fcleaner,166346,AND96329.1,genus:Onitis,null,3104,null,null,0.0,264.0,112.88,110.0,0,1116,273,0,0,99.81
BBIOP2204-24_r_1_s_100_BBIOP2204-24_fcleaner,BBIOP2204-24,r_1_s_100_fcleaner,>BBIOP2204-24_r_1_s_100_BBIOP2204-24_fcleaner,1541080,AND96251.1,genus:Onthophagus,null,103,null,null,0.0,24.0,8.2,9.0,0,9,6,0,0,74.61
BBIOP2257-24_r_1.5_s_50_BBIOP2257-24_fcleaner,BBIOP2257-24,r_1.5_s_50_fcleaner,>BBIOP2257-24_r_1.5_s_50_BBIOP2257-24_fcleaner,1720622,WJR82112.1,genus:Amphimallon,null,1885,null,null,0.0,339.0,59.1,46.0,0,432,11,0,0,94.52
BBIOP2278-24_r_1_s_100_BBIOP2278-24_fcleaner,BBIOP2278-24,r_1_s_100_fcleaner,>BBIOP2278-24_r_1_s_100_BBIOP2278-24_fcleaner,1971888,XCN33691.1,subfamily:Melolonthinae,null,929,null,null,8.0,118.0,46.67,44.0,0,106,31,0,0,100.0
BBIOP2196-24_r_1.3_s_50_BBIOP2196-24_fcleaner,BBIOP2196-24,r_1.3_s_50_fcleaner,>BBIOP2196-24_r_1.3_s_50_BBIOP2196-24_fcleaner,166343,AND96617.1,genus:Euoniticellus,null,12518,null,null,0.0,1861.0,548.04,441.5,0,4781,108,0,0,99.81
BBIOP2198-24_r_1_s_100_BBIOP2198-24_fcleaner,BBIOP2198-24,r_1_s_100_fcleaner,>BBIOP2198-24_r_1_s_100_BBIOP2198-24_fcleaner,166365,AND96251.1,tribe:Onthophagini,null,22125,null,null,0.0,2247.0,1395.5,1391.0,0,2711,250,0,0,99.22
BBIOP2207-24_r_1.5_s_100_BBIOP2207-24_fcleaner,BBIOP2207-24,r_1.5_s_100_fcleaner,>BBIOP2207-24_r_1.5_s_100_BBIOP2207-24_fcleaner,476056,AND96251.1,genus:Onthophagus,null,232,null,null,0.0,42.0,12.32,12.0,0,54,3,0,0,85.66
BBIOP2266-24_r_1_s_100_BBIOP2266-24_fcleaner,BBIOP2266-24,r_1_s_100_fcleaner,>BBIOP2266-24_r_1_s_100_BBIOP2266-24_fcleaner,1720622,WJR82112.1,genus:Amphimallon,null,2089,null,null,26.0,198.0,115.54,120.0,0,80,28,0,0,100.0
BBIOP2269-24_r_1.3_s_50_BBIOP2269-24_fcleaner,BBIOP2269-24,r_1.3_s_50_fcleaner,>BBIOP2269-24_r_1.3_s_50_BBIOP2269-24_fcleaner,1720622,WJR82112.1,genus:Amphimallon,null,4995,null,null,20.0,682.0,167.29,144.0,0,434,73,0,0,100.0
BBIOP2222-24_r_1.5_s_100_BBIOP2222-24_fcleaner,BBIOP2222-24,r_1.5_s_100_fcleaner,>BBIOP2222-24_r_1.5_s_100_BBIOP2222-24_fcleaner,702309,AND96251.1,family:Scarabaeidae,null,123,null,null,0.0,34.0,6.52,4.0,0,36,3,0,0,66.86
BBIOP2277-24_r_1.3_s_50_BBIOP2277-24_fcleaner,BBIOP2277-24,r_1.3_s_50_fcleaner,>BBIOP2277-24_r_1.3_s_50_BBIOP2277-24_fcleaner,1971888,XCN33691.1,subfamily:Melolonthinae,null,56,null,null,0.0,16.0,1.89,0.0,0,130,1,0,0,46.0
BBIOP2216-24_r_1_s_100_BBIOP2216-24_fcleaner,BBIOP2216-24,r_1_s_100_fcleaner,>BBIOP2216-24_r_1_s_100_BBIOP2216-24_fcleaner,702309,AND96251.1,family:Scarabaeidae,null,53,null,null,0.0,15.0,2.62,0.0,0,189,1,0,0,40.31
BBIOP2226-24_r_1.5_s_100_BBIOP2226-24_fcleaner,BBIOP2226-24,r_1.5_s_100_fcleaner,>BBIOP2226-24_r_1.5_s_100_BBIOP2226-24_fcleaner,702309,AND96251.1,family:Scarabaeidae,null,2,null,null,0.0,2.0,0.1,0.0,0,6,0,0,0,5.04
BBIOP2212-24_r_1_s_100_BBIOP2212-24_fcleaner,BBIOP2212-24,r_1_s_100_fcleaner,>BBIOP2212-24_r_1_s_100_BBIOP2212-24_fcleaner,2722830,YP_010631648.1,family:Glaphyridae,null,349,null,null,0.0,94.0,18.44,12.0,0,106,21,0,0,97.65
BBIOP2203-24_r_1.5_s_50_BBIOP2203-24_fcleaner,BBIOP2203-24,r_1.5_s_50_fcleaner,>BBIOP2203-24_r_1.5_s_50_BBIOP2203-24_fcleaner,1541080,AND96251.1,genus:Onthophagus,null,51,null,null,0.0,14.0,1.77,0.0,0,184,0,0,0,26.16
BBIOP2190-24_r_1.3_s_50_BBIOP2190-24_fcleaner,BBIOP2190-24,r_1.3_s_50_fcleaner,>BBIOP2190-24_r_1.3_s_50_BBIOP2190-24_fcleaner,166326,AND96368.1,species:Bubas bison,null,88,null,null,0.0,44.0,3.42,1.0,0,113,1,0,0,52.15
BBIOP2273-24_r_1.5_s_100_BBIOP2273-24_fcleaner,BBIOP2273-24,r_1.5_s_100_fcleaner,>BBIOP2273-24_r_1.5_s_100_BBIOP2273-24_fcleaner,1971888,XCN33691.1,subfamily:Melolonthinae,null,21,null,null,0.0,12.0,1.02,0.0,0,18,1,0,0,15.4
BBIOP2266-24_r_1.3_s_50_BBIOP2266-24_fcleaner,BBIOP2266-24,r_1.3_s_50_fcleaner,>BBIOP2266-24_r_1.3_s_50_BBIOP2266-24_fcleaner,1720622,WJR82112.1,genus:Amphimallon,null,3768,null,null,71.0,321.0,166.76,162.0,0,193,84,0,0,100.0
BBIOP2263-24_r_1.5_s_100_BBIOP2263-24_fcleaner,BBIOP2263-24,r_1.5_s_100_fcleaner,>BBIOP2263-24_r_1.5_s_100_BBIOP2263-24_fcleaner,1720622,WJR82112.1,genus:Amphimallon,null,380,null,null,0.0,107.0,23.81,14.0,0,83,33,0,0,80.23
BBIOP2212-24_r_1.3_s_50_BBIOP2212-24_fcleaner,BBIOP2212-24,r_1.3_s_50_fcleaner,>BBIOP2212-24_r_1.3_s_50_BBIOP2212-24_fcleaner,2722830,YP_010631648.1,family:Glaphyridae,null,1043,null,null,0.0,172.0,39.55,30.0,0,198,58,0,0,99.8
BBIOP2275-24_r_1.5_s_50_BBIOP2275-24_fcleaner,BBIOP2275-24,r_1.5_s_50_fcleaner,>BBIOP2275-24_r_1.5_s_50_BBIOP2275-24_fcleaner,1971888,XCN33691.1,subfamily:Melolonthinae,null,3135,null,null,0.0,530.0,103.32,87.0,0,342,32,0,0,99.81
BBIOP2201-24_r_1.5_s_50_BBIOP2201-24_fcleaner,BBIOP2201-24,r_1.5_s_50_fcleaner,>BBIOP2201-24_r_1.5_s_50_BBIOP2201-24_fcleaner,166350,AND96251.1,genus:Onthophagus,null,5186,null,null,0.0,1556.0,231.08,162.0,0,3857,300,0,0,99.22
BBIOP2247-24_r_1.5_s_50_BBIOP2247-24_fcleaner,BBIOP2247-24,r_1.5_s_50_fcleaner,>BBIOP2247-24_r_1.5_s_50_BBIOP2247-24_fcleaner,1720622,WJR82112.1,genus:Amphimallon,null,11788,null,null,135.0,1228.0,639.59,649.0,0,460,81,0,0,100.0
BBIOP2277-24_r_1.5_s_100_BBIOP2277-24_fcleaner,BBIOP2277-24,r_1.5_s_100_fcleaner,>BBIOP2277-24_r_1.5_s_100_BBIOP2277-24_fcleaner,1971888,XCN33691.1,subfamily:Melolonthinae,null,14,null,null,0.0,6.0,0.65,0.0,0,41,0,0,0,18.32
BBIOP2233-24_r_1_s_50_BBIOP2233-24_fcleaner,BBIOP2233-24,r_1_s_50_fcleaner,>BBIOP2233-24_r_1_s_50_BBIOP2233-24_fcleaner,702309,AND96251.1,family:Scarabaeidae,null,462,null,null,0.0,42.0,15.04,14.0,0,69,18,0,0,95.16
BBIOP2265-24_r_1.3_s_50_BBIOP2265-24_fcleaner,BBIOP2265-24,r_1.3_s_50_fcleaner,>BBIOP2265-24_r_1.3_s_50_BBIOP2265-24_fcleaner,1720622,WJR82112.1,genus:Amphimallon,null,3231,null,null,20.0,277.0,113.56,111.0,0,425,105,0,0,100.0
BBIOP2186-24_r_1.3_s_50_BBIOP2186-24_fcleaner,BBIOP2186-24,r_1.3_s_50_fcleaner,>BBIOP2186-24_r_1.3_s_50_BBIOP2186-24_fcleaner,1172027,AND96251.1,subfamily:Scarabaeinae,null,3499,null,null,0.0,460.0,117.34,93.5,0,868,28,0,0,97.29
BBIOP2204-24_r_1.3_s_100_BBIOP2204-24_fcleaner,BBIOP2204-24,r_1.3_s_100_fcleaner,>BBIOP2204-24_r_1.3_s_100_BBIOP2204-24_fcleaner,1541080,AND96251.1,genus:Onthophagus,null,18,null,null,0.0,10.0,1.44,0.0,0,4,0,0,0,31.01
BBIOP2232-24_r_1.3_s_100_BBIOP2232-24_fcleaner,BBIOP2232-24,r_1.3_s_100_fcleaner,>BBIOP2232-24_r_1.3_s_100_BBIOP2232-24_fcleaner,702309,AND96251.1,family:Scarabaeidae,null,658,null,null,0.0,78.0,36.74,37.0,0,48,12,0,0,99.03
BBIOP2241-24_r_1_s_100_BBIOP2241-24_fcleaner,BBIOP2241-24,r_1_s_100_fcleaner,>BBIOP2241-24_r_1_s_100_BBIOP2241-24_fcleaner,702309,AND96251.1,family:Scarabaeidae,null,376,null,null,0.0,94.0,30.64,25.0,0,53,18,0,0,84.3
BBIOP2243-24_r_1_s_50_BBIOP2243-24_fcleaner,BBIOP2243-24,r_1_s_50_fcleaner,>BBIOP2243-24_r_1_s_50_BBIOP2243-24_fcleaner,702309,AND96251.1,family:Scarabaeidae,null,224802,null,null,0.0,20818.0,9488.54,8615.0,0,30248,2781,0,0,99.22
BBIOP2251-24_r_1.3_s_50_BBIOP2251-24_fcleaner,BBIOP2251-24,r_1.3_s_50_fcleaner,>BBIOP2251-24_r_1.3_s_50_BBIOP2251-24_fcleaner,1720622,WJR82112.1,genus:Amphimallon,null,101,null,null,0.0,34.0,4.23,1.0,0,274,2,0,0,54.99
BBIOP2190-24_r_1.5_s_50_BBIOP2190-24_fcleaner,BBIOP2190-24,r_1.5_s_50_fcleaner,>BBIOP2190-24_r_1.5_s_50_BBIOP2190-24_fcleaner,166326,AND96368.1,species:Bubas bison,null,38,null,null,0.0,28.0,1.11,0.0,0,64,0,0,0,7.42
BBIOP2252-24_r_1_s_100_BBIOP2252-24_fcleaner,BBIOP2252-24,r_1_s_100_fcleaner,>BBIOP2252-24_r_1_s_100_BBIOP2252-24_fcleaner,1720622,WJR82112.1,genus:Amphimallon,null,1492,null,null,19.0,282.0,71.17,58.0,0,87,33,0,0,100.0
BBIOP2220-24_r_1.3_s_100_BBIOP2220-24_fcleaner,BBIOP2220-24,r_1.3_s_100_fcleaner,>BBIOP2220-24_r_1.3_s_100_BBIOP2220-24_fcleaner,702309,AND96251.1,family:Scarabaeidae,null,176,null,null,0.0,32.0,8.73,8.0,0,8,10,0,0,89.15
BBIOP2208-24_r_1.5_s_50_BBIOP2208-24_fcleaner,BBIOP2208-24,r_1.5_s_50_fcleaner,>BBIOP2208-24_r_1.5_s_50_BBIOP2208-24_fcleaner,166359,AND96251.1,genus:Onthophagus,null,351,null,null,0.0,56.0,14.93,12.0,0,88,11,0,0,91.47
BBIOP2267-24_r_1.3_s_50_BBIOP2267-24_fcleaner,BBIOP2267-24,r_1.3_s_50_fcleaner,>BBIOP2267-24_r_1.3_s_50_BBIOP2267-24_fcleaner,1720622,WJR82112.1,genus:Amphimallon,null,6330,null,null,2.0,918.0,218.36,203.0,0,910,33,0,0,100.0
BBIOP2195-24_r_1.5_s_100_BBIOP2195-24_fcleaner,BBIOP2195-24,r_1.5_s_100_fcleaner,>BBIOP2195-24_r_1.5_s_100_BBIOP2195-24_fcleaner,166346,AND96329.1,genus:Onitis,null,1049,null,null,0.0,205.0,49.64,45.0,0,230,106,0,0,97.86
BBIOP2209-24_r_1.5_s_50_BBIOP2209-24_fcleaner,BBIOP2209-24,r_1.5_s_50_fcleaner,>BBIOP2209-24_r_1.5_s_50_BBIOP2209-24_fcleaner,2722829,YP_010631648.1,family:Glaphyridae,null,323,null,null,0.0,50.0,12.14,10.0,0,81,6,0,0,96.67
BBIOP2240-24_r_1_s_50_BBIOP2240-24_fcleaner,BBIOP2240-24,r_1_s_50_fcleaner,>BBIOP2240-24_r_1_s_50_BBIOP2240-24_fcleaner,702309,AND96251.1,family:Scarabaeidae,null,2504,null,null,0.0,286.0,90.25,84.0,0,761,126,0,0,98.64
BBIOP2243-24_r_1.3_s_100_BBIOP2243-24_fcleaner,BBIOP2243-24,r_1.3_s_100_fcleaner,>BBIOP2243-24_r_1.3_s_100_BBIOP2243-24_fcleaner,702309,AND96251.1,family:Scarabaeidae,null,113224,null,null,0.0,12269.0,5863.41,5623.0,0,10380,1684,0,0,99.03
BBIOP2208-24_r_1.3_s_50_BBIOP2208-24_fcleaner,BBIOP2208-24,r_1.3_s_50_fcleaner,>BBIOP2208-24_r_1.3_s_50_BBIOP2208-24_fcleaner,166359,AND96251.1,genus:Onthophagus,null,422,null,null,0.0,58.0,18.46,15.0,0,235,31,0,0,92.44
BBIOP2210-24_r_1.5_s_50_BBIOP2210-24_fcleaner,BBIOP2210-24,r_1.5_s_50_fcleaner,>BBIOP2210-24_r_1.5_s_50_BBIOP2210-24_fcleaner,2722828,YP_010631648.1,family:Glaphyridae,null,2870,null,null,0.0,390.0,128.33,127.0,0,522,40,0,0,92.17
BBIOP2216-24_r_1.5_s_100_BBIOP2216-24_fcleaner,BBIOP2216-24,r_1.5_s_100_fcleaner,>BBIOP2216-24_r_1.5_s_100_BBIOP2216-24_fcleaner,702309,AND96251.1,family:Scarabaeidae,null,137,null,null,0.0,30.0,6.7,2.0,0,28,0,0,0,54.65
BBIOP2232-24_r_1_s_50_BBIOP2232-24_fcleaner,BBIOP2232-24,r_1_s_50_fcleaner,>BBIOP2232-24_r_1_s_50_BBIOP2232-24_fcleaner,702309,AND96251.1,family:Scarabaeidae,null,1274,null,null,0.0,110.0,57.96,56.0,0,205,26,0,0,99.03
BBIOP2273-24_r_1.3_s_50_BBIOP2273-24_fcleaner,BBIOP2273-24,r_1.3_s_50_fcleaner,>BBIOP2273-24_r_1.3_s_50_BBIOP2273-24_fcleaner,1971888,XCN33691.1,subfamily:Melolonthinae,null,176,null,null,0.0,77.0,5.93,1.0,0,267,5,0,0,58.48
BBIOP2191-24_r_1.5_s_50_BBIOP2191-24_fcleaner,BBIOP2191-24,r_1.5_s_50_fcleaner,>BBIOP2191-24_r_1.5_s_50_BBIOP2191-24_fcleaner,166340,AND96355.1,species:Bubas bubalus,null,4752,null,null,117.0,588.0,277.58,257.5,0,914,75,0,0,100.0
BBIOP2202-24_r_1_s_100_BBIOP2202-24_fcleaner,BBIOP2202-24,r_1_s_100_fcleaner,>BBIOP2202-24_r_1_s_100_BBIOP2202-24_fcleaner,166350,AND96251.1,genus:Onthophagus,null,73,null,null,0.0,27.0,4.71,2.0,0,599,5,0,0,65.7
BBIOP2202-24_r_1.5_s_100_BBIOP2202-24_fcleaner,BBIOP2202-24,r_1.5_s_100_fcleaner,>BBIOP2202-24_r_1.5_s_100_BBIOP2202-24_fcleaner,166350,AND96251.1,genus:Onthophagus,null,222,null,null,0.0,40.0,13.01,12.0,0,82,3,0,0,96.51
BBIOP2201-24_r_1_s_100_BBIOP2201-24_fcleaner,BBIOP2201-24,r_1_s_100_fcleaner,>BBIOP2201-24_r_1_s_100_BBIOP2201-24_fcleaner,166350,AND96251.1,genus:Onthophagus,null,4408,null,null,1.0,970.0,305.89,206.0,0,3569,412,0,0,100.0
BBIOP2226-24_r_1.3_s_100_BBIOP2226-24_fcleaner,BBIOP2226-24,r_1.3_s_100_fcleaner,>BBIOP2226-24_r_1.3_s_100_BBIOP2226-24_fcleaner,702309,AND96251.1,family:Scarabaeidae,null,115,null,null,0.0,81.0,9.59,0.0,0,4,2,0,0,43.8
BBIOP2270-24_r_1.5_s_100_BBIOP2270-24_fcleaner,BBIOP2270-24,r_1.5_s_100_fcleaner,>BBIOP2270-24_r_1.5_s_100_BBIOP2270-24_fcleaner,1720622,WJR82112.1,genus:Amphimallon,null,185,null,null,0.0,48.0,8.76,2.0,0,78,4,0,0,53.82
BBIOP2252-24_r_1_s_50_BBIOP2252-24_fcleaner,BBIOP2252-24,r_1_s_50_fcleaner,>BBIOP2252-24_r_1_s_50_BBIOP2252-24_fcleaner,1720622,WJR82112.1,genus:Amphimallon,null,4650,null,null,38.0,486.0,166.75,158.0,0,493,124,0,0,100.0
BBIOP2244-24_r_1.5_s_100_BBIOP2244-24_fcleaner,BBIOP2244-24,r_1.5_s_100_fcleaner,>BBIOP2244-24_r_1.5_s_100_BBIOP2244-24_fcleaner,702309,AND96251.1,family:Scarabaeidae,null,165,null,null,0.0,28.0,8.26,6.0,0,38,2,0,0,87.6
BBIOP2214-24_r_1_s_100_BBIOP2214-24_fcleaner,BBIOP2214-24,r_1_s_100_fcleaner,>BBIOP2214-24_r_1_s_100_BBIOP2214-24_fcleaner,702309,AND96251.1,family:Scarabaeidae,null,121,null,null,0.0,35.0,9.73,4.0,0,223,13,0,3,77.91
BBIOP2211-24_r_1.3_s_50_BBIOP2211-24_fcleaner,BBIOP2211-24,r_1.3_s_50_fcleaner,>BBIOP2211-24_r_1.3_s_50_BBIOP2211-24_fcleaner,2722828,YP_010631648.1,family:Glaphyridae,null,423,null,null,0.0,48.0,15.55,14.0,0,239,0,0,0,94.32
BBIOP2264-24_r_1_s_50_BBIOP2264-24_fcleaner,BBIOP2264-24,r_1_s_50_fcleaner,>BBIOP2264-24_r_1_s_50_BBIOP2264-24_fcleaner,1720622,WJR82112.1,genus:Amphimallon,null,4622,null,null,6.0,596.0,152.29,138.0,0,605,76,0,0,100.0
BBIOP2191-24_r_1.3_s_50_BBIOP2191-24_fcleaner,BBIOP2191-24,r_1.3_s_50_fcleaner,>BBIOP2191-24_r_1.3_s_50_BBIOP2191-24_fcleaner,166340,AND96355.1,species:Bubas bubalus,null,4820,null,null,121.0,591.0,280.13,260.0,0,932,79,0,0,100.0
BBIOP2198-24_r_1_s_50_BBIOP2198-24_fcleaner,BBIOP2198-24,r_1_s_50_fcleaner,>BBIOP2198-24_r_1_s_50_BBIOP2198-24_fcleaner,166365,AND96251.1,tribe:Onthophagini,null,25575,null,null,0.0,2406.0,1510.98,1481.5,0,4293,269,0,0,99.22
BBIOP2242-24_r_1_s_50_BBIOP2242-24_fcleaner,BBIOP2242-24,r_1_s_50_fcleaner,>BBIOP2242-24_r_1_s_50_BBIOP2242-24_fcleaner,702309,AND96251.1,family:Scarabaeidae,null,9504,null,null,0.0,842.0,358.74,344.0,0,2073,517,0,0,99.03
BBIOP2234-24_r_1.3_s_50_BBIOP2234-24_fcleaner,BBIOP2234-24,r_1.3_s_50_fcleaner,>BBIOP2234-24_r_1.3_s_50_BBIOP2234-24_fcleaner,702309,AND96251.1,family:Scarabaeidae,null,15,null,null,0.0,8.0,0.5,0.0,0,20,0,0,0,6.78
BBIOP2196-24_r_1_s_100_BBIOP2196-24_fcleaner,BBIOP2196-24,r_1_s_100_fcleaner,>BBIOP2196-24_r_1_s_100_BBIOP2196-24_fcleaner,166343,AND96617.1,genus:Euoniticellus,null,7640,null,null,0.0,1329.0,392.33,308.0,0,2492,71,0,0,99.81
BBIOP2270-24_r_1_s_50_BBIOP2270-24_fcleaner,BBIOP2270-24,r_1_s_50_fcleaner,>BBIOP2270-24_r_1_s_50_BBIOP2270-24_fcleaner,1720622,WJR82112.1,genus:Amphimallon,null,1366,null,null,0.0,220.0,62.33,52.0,0,1563,134,0,0,94.91
BBIOP2235-24_r_1.5_s_50_BBIOP2235-24_fcleaner,BBIOP2235-24,r_1.5_s_50_fcleaner,>BBIOP2235-24_r_1.5_s_50_BBIOP2235-24_fcleaner,702309,AND96251.1,family:Scarabaeidae,null,1200,null,null,0.0,108.0,44.63,45.0,0,117,24,0,0,94.77
BBIOP2219-24_r_1.3_s_100_BBIOP2219-24_fcleaner,BBIOP2219-24,r_1.3_s_100_fcleaner,>BBIOP2219-24_r_1.3_s_100_BBIOP2219-24_fcleaner,702309,AND96251.1,family:Scarabaeidae,null,431,null,null,0.0,62.0,21.77,18.0,0,82,13,0,0,96.32
BBIOP2197-24_r_1.5_s_100_BBIOP2197-24_fcleaner,BBIOP2197-24,r_1.5_s_100_fcleaner,>BBIOP2197-24_r_1.5_s_100_BBIOP2197-24_fcleaner,166365,AND96251.1,tribe:Onthophagini,null,3617,null,null,2.0,485.0,215.53,207.0,0,476,77,0,0,100.0
BBIOP2218-24_r_1.3_s_100_BBIOP2218-24_fcleaner,BBIOP2218-24,r_1.3_s_100_fcleaner,>BBIOP2218-24_r_1.3_s_100_BBIOP2218-24_fcleaner,702309,AND96251.1,family:Scarabaeidae,null,364,null,null,0.0,80.0,16.54,13.0,0,83,3,0,0,86.24
BBIOP2188-24_r_1.5_s_50_BBIOP2188-24_fcleaner,BBIOP2188-24,r_1.5_s_50_fcleaner,>BBIOP2188-24_r_1.5_s_50_BBIOP2188-24_fcleaner,166368,XPK45401.1,genus:Gymnopleurus,null,405,null,null,0.0,58.0,14.33,10.0,0,182,30,0,0,93.0
BBIOP2221-24_r_1.5_s_100_BBIOP2221-24_fcleaner,BBIOP2221-24,r_1.5_s_100_fcleaner,>BBIOP2221-24_r_1.5_s_100_BBIOP2221-24_fcleaner,702309,AND96251.1,family:Scarabaeidae,null,520,null,null,0.0,88.0,24.39,18.0,0,28,4,0,0,90.31
BBIOP2217-24_r_1_s_100_BBIOP2217-24_fcleaner,BBIOP2217-24,r_1_s_100_fcleaner,>BBIOP2217-24_r_1_s_100_BBIOP2217-24_fcleaner,702309,AND96251.1,family:Scarabaeidae,null,312,null,null,0.0,48.0,14.88,14.0,0,179,4,0,0,90.12
BBIOP2231-24_r_1.5_s_100_BBIOP2231-24_fcleaner,BBIOP2231-24,r_1.5_s_100_fcleaner,>BBIOP2231-24_r_1.5_s_100_BBIOP2231-24_fcleaner,702309,AND96251.1,family:Scarabaeidae,null,775,null,null,0.0,92.0,40.8,41.0,0,31,7,0,0,93.22
BBIOP2208-24_r_1.3_s_100_BBIOP2208-24_fcleaner,BBIOP2208-24,r_1.3_s_100_fcleaner,>BBIOP2208-24_r_1.3_s_100_BBIOP2208-24_fcleaner,166359,AND96251.1,genus:Onthophagus,null,219,null,null,0.0,44.0,12.09,8.0,0,64,14,0,0,81.4
BBIOP2237-24_r_1.3_s_50_BBIOP2237-24_fcleaner,BBIOP2237-24,r_1.3_s_50_fcleaner,>BBIOP2237-24_r_1.3_s_50_BBIOP2237-24_fcleaner,702309,AND96251.1,family:Scarabaeidae,null,1282,null,null,0.0,122.0,42.21,41.0,0,371,24,0,0,96.12
BBIOP2280-24_r_1.3_s_50_BBIOP2280-24_fcleaner,BBIOP2280-24,r_1.3_s_50_fcleaner,>BBIOP2280-24_r_1.3_s_50_BBIOP2280-24_fcleaner,1971888,XCN33691.1,subfamily:Melolonthinae,null,3694,null,null,0.0,718.0,128.45,108.0,0,429,35,0,0,99.81
BBIOP2211-24_r_1_s_100_BBIOP2211-24_fcleaner,BBIOP2211-24,r_1_s_100_fcleaner,>BBIOP2211-24_r_1_s_100_BBIOP2211-24_fcleaner,2722828,YP_010631648.1,family:Glaphyridae,null,273,null,null,0.0,74.0,24.21,22.0,0,250,26,0,0,86.5
BBIOP2229-24_r_1_s_50_BBIOP2229-24_fcleaner,BBIOP2229-24,r_1_s_50_fcleaner,>BBIOP2229-24_r_1_s_50_BBIOP2229-24_fcleaner,702309,AND96251.1,family:Scarabaeidae,null,450,null,null,0.0,43.0,15.49,14.0,0,108,16,0,0,97.48
BBIOP2256-24_r_1.5_s_100_BBIOP2256-24_fcleaner,BBIOP2256-24,r_1.5_s_100_fcleaner,>BBIOP2256-24_r_1.5_s_100_BBIOP2256-24_fcleaner,1720622,WJR82112.1,genus:Amphimallon,null,20,null,null,0.0,12.0,1.1,0.0,0,11,0,0,0,26.42
BBIOP2225-24_r_1_s_100_BBIOP2225-24_fcleaner,BBIOP2225-24,r_1_s_100_fcleaner,>BBIOP2225-24_r_1_s_100_BBIOP2225-24_fcleaner,702309,AND96251.1,family:Scarabaeidae,null,1642,null,null,0.0,148.0,89.86,93.5,0,323,65,0,0,99.03
BBIOP2277-24_r_1.5_s_50_BBIOP2277-24_fcleaner,BBIOP2277-24,r_1.5_s_50_fcleaner,>BBIOP2277-24_r_1.5_s_50_BBIOP2277-24_fcleaner,1971888,XCN33691.1,subfamily:Melolonthinae,null,59,null,null,0.0,16.0,1.89,0.0,0,65,1,0,0,44.25
BBIOP2267-24_r_1_s_100_BBIOP2267-24_fcleaner,BBIOP2267-24,r_1_s_100_fcleaner,>BBIOP2267-24_r_1_s_100_BBIOP2267-24_fcleaner,1720622,WJR82112.1,genus:Amphimallon,null,1759,null,null,0.0,275.0,79.87,67.0,0,679,12,0,0,98.43
BBIOP2261-24_r_1.5_s_100_BBIOP2261-24_fcleaner,BBIOP2261-24,r_1.5_s_100_fcleaner,>BBIOP2261-24_r_1.5_s_100_BBIOP2261-24_fcleaner,1720622,WJR82112.1,genus:Amphimallon,null,736,null,null,0.0,127.0,34.25,28.0,0,72,6,0,0,95.11
BBIOP2234-24_r_1_s_50_BBIOP2234-24_fcleaner,BBIOP2234-24,r_1_s_50_fcleaner,>BBIOP2234-24_r_1_s_50_BBIOP2234-24_fcleaner,702309,AND96251.1,family:Scarabaeidae,null,67,null,null,0.0,23.0,4.93,4.0,0,22,3,0,3,65.12
BBIOP2223-24_r_1.3_s_100_BBIOP2223-24_fcleaner,BBIOP2223-24,r_1.3_s_100_fcleaner,>BBIOP2223-24_r_1.3_s_100_BBIOP2223-24_fcleaner,702309,AND96251.1,family:Scarabaeidae,null,254,null,null,0.0,64.0,12.05,8.0,0,34,0,0,0,79.26
BBIOP2260-24_r_1.3_s_100_BBIOP2260-24_fcleaner,BBIOP2260-24,r_1.3_s_100_fcleaner,>BBIOP2260-24_r_1.3_s_100_BBIOP2260-24_fcleaner,1720622,WJR82112.1,genus:Amphimallon,null,10,null,null,0.0,4.0,0.46,0.0,0,136,0,0,0,20.16
BBIOP2196-24_r_1_s_50_BBIOP2196-24_fcleaner,BBIOP2196-24,r_1_s_50_fcleaner,>BBIOP2196-24_r_1_s_50_BBIOP2196-24_fcleaner,166343,AND96617.1,genus:Euoniticellus,null,12615,null,null,0.0,1874.0,552.47,444.0,0,4938,119,0,0,99.81
BBIOP2279-24_r_1.5_s_100_BBIOP2279-24_fcleaner,BBIOP2279-24,r_1.5_s_100_fcleaner,>BBIOP2279-24_r_1.5_s_100_BBIOP2279-24_fcleaner,1971888,XCN33691.1,subfamily:Melolonthinae,null,236,null,null,0.0,51.0,11.72,10.0,0,43,6,0,0,93.18
BBIOP2211-24_r_1_s_50_BBIOP2211-24_fcleaner,BBIOP2211-24,r_1_s_50_fcleaner,>BBIOP2211-24_r_1_s_50_BBIOP2211-24_fcleaner,2722828,YP_010631648.1,family:Glaphyridae,null,372,null,null,0.0,78.0,22.23,16.0,0,797,25,0,0,88.26
BBIOP2207-24_r_1.3_s_100_BBIOP2207-24_fcleaner,BBIOP2207-24,r_1.3_s_100_fcleaner,>BBIOP2207-24_r_1.3_s_100_BBIOP2207-24_fcleaner,476056,AND96251.1,genus:Onthophagus,null,246,null,null,0.0,42.0,13.16,14.0,0,85,4,0,0,85.66
BBIOP2258-24_r_1.5_s_50_BBIOP2258-24_fcleaner,BBIOP2258-24,r_1.5_s_50_fcleaner,>BBIOP2258-24_r_1.5_s_50_BBIOP2258-24_fcleaner,1720622,WJR82112.1,genus:Amphimallon,null,835,null,null,0.0,107.0,47.54,50.0,0,355,63,0,0,99.41
BBIOP2231-24_r_1.5_s_50_BBIOP2231-24_fcleaner,BBIOP2231-24,r_1.5_s_50_fcleaner,>BBIOP2231-24_r_1.5_s_50_BBIOP2231-24_fcleaner,702309,AND96251.1,family:Scarabaeidae,null,1258,null,null,0.0,135.0,55.0,55.5,0,105,16,0,0,97.67
BBIOP2248-24_r_1_s_100_BBIOP2248-24_fcleaner,BBIOP2248-24,r_1_s_100_fcleaner,>BBIOP2248-24_r_1_s_100_BBIOP2248-24_fcleaner,1720622,WJR82112.1,genus:Amphimallon,null,66,null,null,0.0,24.0,3.48,0.0,0,262,4,0,0,45.01
