Filename,Process ID,n_reads,n_aligned,skipped_reads_low_rel,length,cov_min,cov_max,cov_avg,cov_med
BGLIB355-23_r_1_s_100_BGLIB355-23,BGLIB355-23,12313387,2104,170,1599,0.0,237.0,115.28517823639775,112.0
BGLIB306-23_r_1_s_50_BGLIB306-23,BGLIB306-23,3980480,3169,877,1608,0.0,288.0,108.52798507462687,104.0
BGLIB299-23_r_1.3_s_50_BGLIB299-23,BGLIB299-23,3919549,13946,626,1542,2.0,1280.0,718.7684824902724,695.5
BGLIB351-23_r_1.3_s_50_BGLIB351-23,BGLIB351-23,14111201,1485,22,1536,18.0,134.0,59.35546875,52.0
BGLIB362-23_r_1.3_s_50_BGLIB362-23,BGLIB362-23,17796821,548,37,1560,0.0,62.0,25.503846153846155,24.0
BGLIB343-23_r_1.5_s_100_BGLIB343-23,BGLIB343-23,21778778,308,53,1545,0.0,34.0,17.440776699029126,18.0
BGLIB374-23_r_1_s_100_BGLIB374-23,BGLIB374-23,17164323,3694,18,1548,63.0,340.0,210.80426356589146,206.0
BGLIB345-23_r_1_s_50_BGLIB345-23,BGLIB345-23,10988109,482,131,1545,0.0,57.0,17.246601941747574,15.0
BGLIB379-23_r_1_s_100_BGLIB379-23,BGLIB379-23,6697294,1295,970,1581,0.0,161.0,64.77988614800759,54.0
BGLIB329-23_r_1_s_50_BGLIB329-23,BGLIB329-23,10900446,750,100,1608,0.0,60.0,28.85261194029851,30.0
BGLIB373-23_r_1.5_s_100_BGLIB373-23,BGLIB373-23,366606,9,31,1548,0.0,5.0,0.5310077519379846,0.0
BGLIB291-23_r_1_s_100_BGLIB291-23,BGLIB291-23,15290380,3836,713,1608,0.0,351.0,210.67350746268656,229.0
BGLIB309-23_r_1_s_50_BGLIB309-23,BGLIB309-23,8356677,1344,20,1566,2.0,126.0,54.31609195402299,50.0
BGLIB331-23_r_1_s_50_BGLIB331-23,BGLIB331-23,9089252,2059,1022,1566,0.0,171.0,75.89655172413794,74.0
BGLIB296-23_r_1_s_100_BGLIB296-23,BGLIB296-23,610004,856,57,1536,0.0,123.0,42.681640625,40.0
BGLIB346-23_r_1.5_s_100_BGLIB346-23,BGLIB346-23,10305638,940,664,1536,0.0,125.0,45.763671875,44.0
BGLIB338-23_r_1.5_s_100_BGLIB338-23,BGLIB338-23,11182431,1205,261,1566,0.0,142.0,61.275862068965516,72.0
BGLIB337-23_r_1_s_50_BGLIB337-23,BGLIB337-23,2718153,93,168,1566,0.0,20.0,4.289272030651341,4.0
BGLIB352-23_r_1.3_s_50_BGLIB352-23,BGLIB352-23,12145955,2664,513,1551,0.0,222.0,110.90328820116054,112.0
BGLIB344-23_r_1.5_s_100_BGLIB344-23,BGLIB344-23,3717024,27,515,1545,0.0,14.0,1.8485436893203884,0.0
BGLIB326-23_r_1.5_s_100_BGLIB326-23,BGLIB326-23,16772256,3074,201,1542,0.0,372.0,196.7898832684825,221.0
BGLIB349-23_r_1.5_s_100_BGLIB349-23,BGLIB349-23,6089829,4338,365,1554,41.0,736.0,233.46332046332046,216.0
BGLIB377-23_r_1.3_s_100_BGLIB377-23,BGLIB377-23,14696455,4080,2554,1560,0.0,482.0,228.37692307692308,241.5
BGLIB364-23_r_1_s_100_BGLIB364-23,BGLIB364-23,21161617,1204,19,1530,0.0,137.0,66.81764705882352,65.0
BGLIB366-23_r_1_s_50_BGLIB366-23,BGLIB366-23,8317298,93,107,1581,0.0,18.0,3.2789373814041745,2.0
BGLIB333-23_r_1.3_s_100_BGLIB333-23,BGLIB333-23,6259374,2369,570,1566,0.0,323.0,134.16666666666666,125.0
BGLIB325-23_r_1.5_s_100_BGLIB325-23,BGLIB325-23,15605113,5254,326,1542,0.0,688.0,359.0311284046693,408.5
BGLIB342-23_r_1_s_50_BGLIB342-23,BGLIB342-23,13446937,2565,1049,1545,0.0,358.0,154.95339805825242,173.0
BGLIB321-23_r_1_s_100_BGLIB321-23,BGLIB321-23,10102004,7655,779,1536,0.0,901.0,480.572265625,452.0
BGLIB318-23_r_1.5_s_100_BGLIB318-23,BGLIB318-23,10403436,236,69,1608,0.0,34.0,11.257462686567164,10.0
BGLIB319-23_r_1.3_s_100_BGLIB319-23,BGLIB319-23,40795630,2528,841,1608,0.0,314.0,136.95149253731344,136.0
BGLIB335-23_r_1.3_s_50_BGLIB335-23,BGLIB335-23,4011190,49256,687,1536,0.0,5043.0,2295.783203125,2176.5
BGLIB342-23_r_1.5_s_100_BGLIB342-23,BGLIB342-23,13446937,361,1049,1545,0.0,156.0,22.489320388349515,7.0
BGLIB307-23_r_1.5_s_100_BGLIB307-23,BGLIB307-23,18009094,11553,12,1608,0.0,1347.0,552.973880597015,674.0
BGLIB329-23_r_1.5_s_100_BGLIB329-23,BGLIB329-23,10900446,176,100,1608,0.0,38.0,9.134328358208956,8.0
BGLIB322-23_r_1.3_s_100_BGLIB322-23,BGLIB322-23,13784874,4646,807,1566,0.0,646.0,248.15708812260536,254.0
BGLIB360-23_r_1.5_s_100_BGLIB360-23,BGLIB360-23,37784752,1886,102,1551,0.0,231.0,121.85686653771761,124.0
BGLIB378-23_r_1.5_s_100_BGLIB378-23,BGLIB378-23,3543381,1819,69,1548,0.0,166.0,95.19573643410853,96.0
BGLIB330-23_r_1.5_s_50_BGLIB330-23,BGLIB330-23,836764,20,6,1608,0.0,8.0,0.6753731343283582,0.0
BGLIB306-23_r_1.5_s_50_BGLIB306-23,BGLIB306-23,3980480,1710,877,1608,0.0,214.0,54.74440298507463,48.0
BGLIB290-23_r_1.3_s_100_BGLIB290-23,BGLIB290-23,7645913,44646,11224,1608,0.0,4330.0,2398.333955223881,2690.5
BGLIB369-23_r_1.3_s_100_BGLIB369-23,BGLIB369-23,938770,30,52,1548,0.0,9.0,1.6375968992248062,0.0
BGLIB368-23_r_1_s_50_BGLIB368-23,BGLIB368-23,7173442,2294,383,1560,0.0,201.0,130.69615384615383,131.5
BGLIB325-23_r_1.3_s_100_BGLIB325-23,BGLIB325-23,15605113,6663,326,1542,0.0,688.0,460.25875486381324,452.0
BGLIB322-23_r_1.5_s_100_BGLIB322-23,BGLIB322-23,13784874,4118,807,1566,0.0,646.0,218.18965517241378,242.0
BGLIB352-23_r_1.3_s_100_BGLIB352-23,BGLIB352-23,12145955,1292,513,1551,0.0,146.0,67.84332688588007,64.0
BGLIB332-23_r_1_s_50_BGLIB332-23,BGLIB332-23,11606068,4282,575,1536,22.0,383.0,220.759765625,216.0
BGE00403-NC_r_1.5_s_50_BGE00403-NC,BGE00403-NC,188659,5,16,1539,0.0,3.0,0.2202729044834308,0.0
BGLIB371-23_r_1.3_s_50_BGLIB371-23,BGLIB371-23,2112348,207,116,1581,0.0,34.0,9.440227703984819,8.0
BGLIB324-23_r_1.3_s_50_BGLIB324-23,BGLIB324-23,13340377,11580,1731,1566,0.0,983.0,557.904214559387,581.5
BGLIB310-23_r_1.5_s_100_BGLIB310-23,BGLIB310-23,24668028,572,3,1566,0.0,68.0,32.67432950191571,38.0
BGLIB321-23_r_1.5_s_100_BGLIB321-23,BGLIB321-23,10102004,6104,779,1536,0.0,896.0,376.59375,392.0
BGLIB322-23_r_1.3_s_50_BGLIB322-23,BGLIB322-23,13784874,7658,807,1566,0.0,787.0,343.47892720306515,333.0
BGLIB372-23_r_1_s_100_BGLIB372-23,BGLIB372-23,918762,20,24,1560,0.0,8.0,1.575,0.0
BGLIB308-23_r_1_s_100_BGLIB308-23,BGLIB308-23,18601424,3856,871,1608,0.0,364.0,256.50932835820896,280.0
BGLIB340-23_r_1_s_100_BGLIB340-23,BGLIB340-23,20077106,364,6,1536,0.0,53.0,19.52734375,18.5
BGLIB374-23_r_1_s_50_BGLIB374-23,BGLIB374-23,17164323,5277,18,1548,140.0,424.0,260.2403100775194,254.5
BGLIB372-23_r_1.3_s_50_BGLIB372-23,BGLIB372-23,918762,16,24,1560,0.0,8.0,0.55,0.0
BGLIB288-23_r_1_s_100_BGLIB288-23,BGLIB288-23,14084214,652,615,1608,0.0,78.0,33.94589552238806,32.0
BGLIB327-23_r_1_s_50_BGLIB327-23,BGLIB327-23,17325575,11344,2441,1536,0.0,988.0,520.189453125,503.0
BGLIB300-23_r_1.3_s_100_BGLIB300-23,BGLIB300-23,10673433,5233,38,1542,0.0,545.0,303.29377431906613,289.0
BGLIB292-23_r_1_s_50_BGLIB292-23,BGLIB292-23,5252406,1070,99,1566,0.0,84.0,44.56896551724138,45.0
BGLIB312-23_r_1_s_50_BGLIB312-23,BGLIB312-23,9263733,8282,1953,1536,0.0,650.0,374.3828125,367.0
BGLIB346-23_r_1.3_s_100_BGLIB346-23,BGLIB346-23,10305638,1058,664,1536,0.0,133.0,52.501953125,47.5
BGLIB375-23_r_1.5_s_50_BGLIB375-23,BGLIB375-23,23442321,4847,231,1542,94.0,506.0,245.46887159533074,226.0
BGLIB351-23_r_1.3_s_100_BGLIB351-23,BGLIB351-23,14111201,750,22,1536,6.0,99.0,37.171875,32.0
BGLIB355-23_r_1.5_s_50_BGLIB355-23,BGLIB355-23,12313387,2476,170,1599,0.0,256.0,114.48217636022514,113.0
BGLIB308-23_r_1.3_s_100_BGLIB308-23,BGLIB308-23,18601424,3649,871,1608,0.0,355.0,241.6679104477612,274.0
BGLIB311-23_r_1.5_s_100_BGLIB311-23,BGLIB311-23,11360242,3529,1044,1536,0.0,445.0,185.25390625,182.0
BGLIB364-23_r_1_s_50_BGLIB364-23,BGLIB364-23,21161617,2248,19,1530,0.0,197.0,100.95686274509804,98.0
BGLIB360-23_r_1.3_s_100_BGLIB360-23,BGLIB360-23,37784752,2154,102,1551,0.0,254.0,140.70599613152805,140.0
BGLIB345-23_r_1.3_s_50_BGLIB345-23,BGLIB345-23,10988109,383,131,1545,0.0,53.0,11.922330097087379,10.0
BGLIB338-23_r_1_s_50_BGLIB338-23,BGLIB338-23,11182431,2654,261,1566,0.0,228.0,115.46934865900383,113.0
BGLIB293-23_r_1.3_s_50_BGLIB293-23,BGLIB293-23,11969488,3309,175,1536,35.0,287.0,174.259765625,167.0
BGLIB345-23_r_1.5_s_50_BGLIB345-23,BGLIB345-23,10988109,326,131,1545,0.0,51.0,9.677669902912621,8.0
BGLIB308-23_r_1.3_s_50_BGLIB308-23,BGLIB308-23,18601424,4515,871,1608,0.0,412.0,268.72574626865674,296.0
BGLIB289-23_r_1.3_s_100_BGLIB289-23,BGLIB289-23,24456383,3980,46,1608,0.0,425.0,213.03544776119404,230.0
BGLIB351-23_r_1_s_50_BGLIB351-23,BGLIB351-23,14111201,1559,22,1536,18.0,134.0,61.75390625,56.0
BGLIB299-23_r_1_s_100_BGLIB299-23,BGLIB299-23,3919549,10646,626,1542,0.0,1157.0,628.0564202334631,605.0
BGLIB368-23_r_1_s_100_BGLIB368-23,BGLIB368-23,7173442,1667,383,1560,0.0,189.0,110.17692307692307,111.0
BGLIB287-23_r_1_s_50_BGLIB287-23,BGLIB287-23,9132540,4330,172,1608,0.0,361.0,186.36940298507463,197.0
BGLIB300-23_r_1.3_s_50_BGLIB300-23,BGLIB300-23,10673433,7369,38,1542,0.0,625.0,374.1459143968872,357.0
BGLIB331-23_r_1.5_s_100_BGLIB331-23,BGLIB331-23,9089252,348,1022,1566,0.0,59.0,16.630268199233715,14.0
BGLIB318-23_r_1.3_s_50_BGLIB318-23,BGLIB318-23,10403436,855,69,1608,0.0,76.0,31.350746268656717,32.5
BGLIB374-23_r_1.3_s_50_BGLIB374-23,BGLIB374-23,17164323,5181,18,1548,140.0,415.0,256.50581395348837,252.5
BGE00403-NC_r_1.3_s_50_BGE00403-NC,BGE00403-NC,188659,9,16,1539,0.0,4.0,0.4171539961013645,0.0
BGLIB300-23_r_1_s_50_BGLIB300-23,BGLIB300-23,10673433,7910,38,1542,0.0,651.0,402.9377431906615,382.5
BGLIB304-23_r_1.3_s_50_BGLIB304-23,BGLIB304-23,5858044,2026,240,1608,0.0,155.0,82.55597014925372,92.0
BGLIB366-23_r_1.3_s_50_BGLIB366-23,BGLIB366-23,8317298,62,107,1581,0.0,15.0,1.9449715370018976,0.0
BGLIB365-23_r_1.3_s_100_BGLIB365-23,BGLIB365-23,3960635,136,48,1599,0.0,24.0,7.210131332082551,6.0
BGE00403-NC_r_1.3_s_100_BGE00403-NC,BGE00403-NC,188659,3,16,1539,0.0,2.0,0.23196881091617932,0.0
BGLIB328-23_r_1_s_50_BGLIB328-23,BGLIB328-23,14011733,6033,2424,1566,0.0,542.0,298.4712643678161,295.5
BGLIB301-23_r_1_s_50_BGLIB301-23,BGLIB301-23,15008273,11348,28,1542,216.0,1067.0,580.5311284046693,567.0
BGLIB339-23_r_1.3_s_100_BGLIB339-23,BGLIB339-23,10567218,15176,5531,1542,0.0,1561.0,1021.1439688715953,1014.5
BGLIB350-23_r_1.5_s_100_BGLIB350-23,BGLIB350-23,11180448,327,745,1545,0.0,72.0,16.10485436893204,14.0
BGLIB339-23_r_1.5_s_50_BGLIB339-23,BGLIB339-23,10567218,13576,5531,1542,0.0,1518.0,837.7315175097276,972.5
BGLIB319-23_r_1_s_50_BGLIB319-23,BGLIB319-23,40795630,5749,841,1608,0.0,559.0,243.69589552238807,237.0
BGLIB352-23_r_1.5_s_50_BGLIB352-23,BGLIB352-23,12145955,1882,513,1551,0.0,192.0,80.40232108317214,76.0
BGLIB372-23_r_1_s_50_BGLIB372-23,BGLIB372-23,918762,37,24,1560,0.0,12.0,2.0673076923076925,0.0
BGLIB350-23_r_1.3_s_100_BGLIB350-23,BGLIB350-23,11180448,430,745,1545,0.0,77.0,22.345631067961165,22.0
BGLIB307-23_r_1.3_s_100_BGLIB307-23,BGLIB307-23,18009094,13109,12,1608,0.0,1352.0,635.8526119402985,716.0
BGLIB317-23_r_1.5_s_50_BGLIB317-23,BGLIB317-23,1406165,24,40,1608,0.0,6.0,0.9850746268656716,0.0
BGLIB349-23_r_1.3_s_50_BGLIB349-23,BGLIB349-23,6089829,6785,365,1554,94.0,875.0,318.1216216216216,297.0
BGLIB324-23_r_1_s_100_BGLIB324-23,BGLIB324-23,13340377,8274,1731,1566,0.0,858.0,467.70306513409963,477.0
BGLIB304-23_r_1.5_s_100_BGLIB304-23,BGLIB304-23,5858044,719,240,1608,0.0,87.0,37.67723880597015,41.0
BGLIB295-23_r_1.3_s_100_BGLIB295-23,BGLIB295-23,2228762,44,35,1536,0.0,12.0,2.40234375,2.0
BGLIB308-23_r_1_s_50_BGLIB308-23,BGLIB308-23,18601424,5106,871,1608,0.0,431.0,298.1585820895522,315.5
BGLIB336-23_r_1_s_100_BGLIB336-23,BGLIB336-23,3889370,15375,500,1536,0.0,1649.0,860.53515625,785.0
BGLIB339-23_r_1_s_100_BGLIB339-23,BGLIB339-23,10567218,15566,5531,1542,0.0,1576.0,1048.750972762646,1029.5
BGLIB327-23_r_1.3_s_100_BGLIB327-23,BGLIB327-23,17325575,6599,2441,1536,0.0,791.0,360.2265625,356.5
BGLIB341-23_r_1.3_s_100_BGLIB341-23,BGLIB341-23,16237157,461,4,1536,0.0,75.0,26.00390625,24.0
BGLIB339-23_r_1.5_s_100_BGLIB339-23,BGLIB339-23,10567218,11718,5531,1542,0.0,1484.0,780.1673151750973,906.0
BGLIB307-23_r_1_s_50_BGLIB307-23,BGLIB307-23,18009094,33546,12,1608,0.0,2375.0,1284.2089552238806,1351.0
BGLIB297-23_r_1_s_100_BGLIB297-23,BGLIB297-23,10824575,1297,357,1536,0.0,147.0,73.689453125,71.0
BGLIB332-23_r_1.5_s_50_BGLIB332-23,BGLIB332-23,11606068,3313,575,1536,0.0,361.0,169.658203125,162.0
BGLIB338-23_r_1.5_s_50_BGLIB338-23,BGLIB338-23,11182431,1933,261,1566,0.0,182.0,83.62068965517241,98.0
BGLIB296-23_r_1.5_s_100_BGLIB296-23,BGLIB296-23,610004,751,57,1536,0.0,118.0,36.326171875,34.0
BGLIB356-23_r_1.3_s_50_BGLIB356-23,BGLIB356-23,2213450,75,50,1560,0.0,16.0,3.025,2.0
BGLIB341-23_r_1_s_50_BGLIB341-23,BGLIB341-23,16237157,920,4,1536,0.0,104.0,40.55859375,38.0
BGLIB378-23_r_1.5_s_50_BGLIB378-23,BGLIB378-23,3543381,2753,69,1548,0.0,230.0,123.98062015503876,125.0
BGLIB320-23_r_1.3_s_100_BGLIB320-23,BGLIB320-23,7683567,1008,553,1608,0.0,124.0,49.365671641791046,50.0
BGLIB321-23_r_1.5_s_50_BGLIB321-23,BGLIB321-23,10102004,7591,779,1536,0.0,967.0,421.634765625,443.5
BGLIB328-23_r_1.5_s_100_BGLIB328-23,BGLIB328-23,14011733,2712,2424,1566,0.0,382.0,154.2528735632184,161.0
BGLIB361-23_r_1_s_100_BGLIB361-23,BGLIB361-23,856058,73,28,1599,0.0,18.0,4.401500938086304,3.0
BGLIB297-23_r_1.5_s_100_BGLIB297-23,BGLIB297-23,10824575,1055,357,1536,0.0,140.0,57.478515625,56.0
BGLIB370-23_r_1.5_s_50_BGLIB370-23,BGLIB370-23,3296961,99962,33903,1599,0.0,11047.0,5539.086303939963,6544.0
BGLIB353-23_r_1_s_50_BGLIB353-23,BGLIB353-23,14100524,9019,750,1581,0.0,1023.0,473.8899430740038,461.0
BGLIB303-23_r_1.5_s_50_BGLIB303-23,BGLIB303-23,13571476,3271,135,1608,0.0,276.0,136.81902985074626,148.5
BGLIB347-23_r_1_s_100_BGLIB347-23,BGLIB347-23,32342413,117941,1598,1536,600.0,10201.0,7171.228515625,7196.5
BGLIB314-23_r_1_s_50_BGLIB314-23,BGLIB314-23,13250355,32045,493,1542,0.0,3024.0,2067.603112840467,2087.5
BGLIB287-23_r_1_s_100_BGLIB287-23,BGLIB287-23,9132540,2258,172,1608,0.0,214.0,119.68656716417911,129.0
BGLIB309-23_r_1.3_s_50_BGLIB309-23,BGLIB309-23,8356677,1128,20,1566,0.0,105.0,44.7183908045977,44.0
BGLIB324-23_r_1.5_s_100_BGLIB324-23,BGLIB324-23,13340377,6554,1731,1566,0.0,749.0,360.38122605363986,407.0
BGLIB314-23_r_1.5_s_50_BGLIB314-23,BGLIB314-23,13250355,23978,493,1542,0.0,2567.0,1532.4007782101166,1684.0
BGLIB364-23_r_1.5_s_50_BGLIB364-23,BGLIB364-23,21161617,1686,19,1530,0.0,177.0,75.64509803921568,70.0
BGLIB376-23_r_1.3_s_100_BGLIB376-23,BGLIB376-23,11333301,236,2466,1542,0.0,94.0,12.698443579766536,3.0
BGLIB344-23_r_1.3_s_50_BGLIB344-23,BGLIB344-23,3717024,224,515,1545,0.0,42.0,10.636893203883496,9.0
BGLIB305-23_r_1_s_50_BGLIB305-23,BGLIB305-23,71339639,43433,14095,1608,0.0,4354.0,1903.669776119403,1956.0
BGLIB343-23_r_1.3_s_50_BGLIB343-23,BGLIB343-23,21778778,548,53,1545,0.0,48.0,25.43883495145631,24.0
BGLIB313-23_r_1.5_s_50_BGLIB313-23,BGLIB313-23,9217483,4088,407,1533,0.0,348.0,174.8297455968689,183.0
BGLIB365-23_r_1.3_s_50_BGLIB365-23,BGLIB365-23,3960635,302,48,1599,0.0,40.0,12.317073170731707,10.0
BGLIB347-23_r_1.3_s_50_BGLIB347-23,BGLIB347-23,32342413,149451,1598,1536,780.0,12209.0,8147.876953125,8278.5
BGLIB356-23_r_1.3_s_100_BGLIB356-23,BGLIB356-23,2213450,37,50,1560,0.0,16.0,1.9576923076923076,0.0
BGLIB337-23_r_1.5_s_100_BGLIB337-23,BGLIB337-23,2718153,16,168,1566,0.0,8.0,0.8754789272030651,0.0
BGLIB304-23_r_1_s_100_BGLIB304-23,BGLIB304-23,5858044,958,240,1608,0.0,109.0,51.201492537313435,54.0
BGLIB311-23_r_1_s_100_BGLIB311-23,BGLIB311-23,11360242,4389,1044,1536,0.0,445.0,238.6328125,240.0
BGLIB319-23_r_1.5_s_50_BGLIB319-23,BGLIB319-23,40795630,3804,841,1608,0.0,459.0,155.13805970149255,153.5
BGLIB371-23_r_1.3_s_100_BGLIB371-23,BGLIB371-23,2112348,105,116,1581,0.0,28.0,6.191650853889943,6.0
BGLIB300-23_r_1_s_100_BGLIB300-23,BGLIB300-23,10673433,5502,38,1542,0.0,554.0,321.5058365758755,306.0
BGLIB357-23_r_1_s_50_BGLIB357-23,BGLIB357-23,920941,79,38,1560,0.0,15.0,4.009615384615385,3.0
BGLIB349-23_r_1.3_s_100_BGLIB349-23,BGLIB349-23,6089829,4625,365,1554,41.0,737.0,250.6158301158301,226.0
BGLIB359-23_r_1_s_100_BGLIB359-23,BGLIB359-23,27944852,3627,3458,1554,0.0,399.0,233.57142857142858,225.0
BGLIB307-23_r_1.3_s_50_BGLIB307-23,BGLIB307-23,18009094,31384,12,1608,0.0,1999.0,1191.8544776119404,1293.0
BGLIB377-23_r_1_s_100_BGLIB377-23,BGLIB377-23,14696455,4713,2554,1560,0.0,485.0,270.7923076923077,291.0
BGLIB302-23_r_1.5_s_100_BGLIB302-23,BGLIB302-23,24533899,2227,495,1542,0.0,242.0,140.5817120622568,144.0
BGLIB335-23_r_1.5_s_100_BGLIB335-23,BGLIB335-23,4011190,28973,687,1536,0.0,3570.0,1540.3359375,1467.5
BGLIB376-23_r_1_s_100_BGLIB376-23,BGLIB376-23,11333301,555,2466,1542,0.0,159.0,34.34824902723735,12.0
BGLIB325-23_r_1_s_100_BGLIB325-23,BGLIB325-23,15605113,6843,326,1542,0.0,688.0,473.5369649805447,482.5
BGLIB370-23_r_1.5_s_100_BGLIB370-23,BGLIB370-23,3296961,81395,33903,1599,0.0,9857.0,4966.720450281426,6009.0
BGLIB373-23_r_1_s_50_BGLIB373-23,BGLIB373-23,366606,68,31,1548,0.0,23.0,3.0387596899224807,2.0
BGLIB323-23_r_1.3_s_50_BGLIB323-23,BGLIB323-23,10115352,7173,190,1536,0.0,658.0,295.525390625,280.0
BGLIB336-23_r_1.3_s_100_BGLIB336-23,BGLIB336-23,3889370,14956,500,1536,0.0,1633.0,832.373046875,770.0
BGLIB342-23_r_1.5_s_50_BGLIB342-23,BGLIB342-23,13446937,528,1049,1545,0.0,192.0,27.050485436893204,11.0
BGLIB358-23_r_1_s_100_BGLIB358-23,BGLIB358-23,1560599,79,13,1581,0.0,16.0,4.303605313092979,4.0
BGLIB354-23_r_1.3_s_100_BGLIB354-23,BGLIB354-23,8350276,583,58,1554,0.0,74.0,28.131274131274132,26.0
BGLIB309-23_r_1.5_s_100_BGLIB309-23,BGLIB309-23,8356677,424,20,1566,0.0,52.0,22.168582375478927,24.0
BGLIB327-23_r_1_s_100_BGLIB327-23,BGLIB327-23,17325575,6730,2441,1536,0.0,791.0,368.533203125,359.0
BGLIB336-23_r_1_s_50_BGLIB336-23,BGLIB336-23,3889370,22087,500,1536,0.0,2074.0,1085.224609375,982.5
BGLIB343-23_r_1_s_50_BGLIB343-23,BGLIB343-23,21778778,611,53,1545,4.0,48.0,27.961165048543688,27.0
BGLIB294-23_r_1_s_50_BGLIB294-23,BGLIB294-23,18182954,13841,935,1536,160.0,1358.0,868.193359375,867.5
BGLIB312-23_r_1.5_s_50_BGLIB312-23,BGLIB312-23,9263733,6776,1953,1536,0.0,639.0,306.6953125,295.5
BGLIB333-23_r_1_s_50_BGLIB333-23,BGLIB333-23,6259374,4263,570,1566,0.0,429.0,201.27777777777777,193.0
BGLIB327-23_r_1.3_s_50_BGLIB327-23,BGLIB327-23,17325575,10758,2441,1536,0.0,988.0,494.115234375,492.5
BGE00403-NC_r_1.5_s_100_BGE00403-NC,BGE00403-NC,188659,1,16,1539,0.0,1.0,0.09551656920077972,0.0
BGLIB358-23_r_1.3_s_100_BGLIB358-23,BGLIB358-23,1560599,66,13,1581,0.0,16.0,3.292220113851992,2.0
BGLIB329-23_r_1.5_s_50_BGLIB329-23,BGLIB329-23,10900446,455,100,1608,0.0,58.0,17.029850746268657,16.0
BGLIB286-23_r_1.3_s_50_BGLIB286-23,BGLIB286-23,10045827,1937,813,1608,0.0,199.0,82.80410447761194,87.0
BGLIB347-23_r_1.5_s_100_BGLIB347-23,BGLIB347-23,32342413,116949,1598,1536,600.0,10159.0,7109.486328125,7165.0
BGLIB320-23_r_1_s_100_BGLIB320-23,BGLIB320-23,7683567,1060,553,1608,0.0,124.0,52.53358208955224,53.0
BGLIB287-23_r_1.5_s_100_BGLIB287-23,BGLIB287-23,9132540,1666,172,1608,0.0,208.0,84.58582089552239,93.5
BGLIB352-23_r_1.5_s_100_BGLIB352-23,BGLIB352-23,12145955,1100,513,1551,0.0,143.0,56.827852998065765,53.0
BGLIB292-23_r_1.3_s_100_BGLIB292-23,BGLIB292-23,5252406,358,99,1566,0.0,58.0,18.522988505747126,17.0
BGLIB290-23_r_1.5_s_100_BGLIB290-23,BGLIB290-23,7645913,35143,11224,1608,0.0,3680.0,1855.8544776119404,2120.0
BGLIB375-23_r_1_s_50_BGLIB375-23,BGLIB375-23,23442321,5461,231,1542,95.0,531.0,272.1809338521401,246.0
BGLIB365-23_r_1_s_100_BGLIB365-23,BGLIB365-23,3960635,148,48,1599,0.0,26.0,8.01688555347092,6.0
BGLIB359-23_r_1_s_50_BGLIB359-23,BGLIB359-23,27944852,5586,3458,1554,2.0,459.0,299.56756756756755,298.0
BGLIB318-23_r_1_s_100_BGLIB318-23,BGLIB318-23,10403436,299,69,1608,0.0,35.0,14.807835820895523,16.0
BGLIB344-23_r_1_s_50_BGLIB344-23,BGLIB344-23,3717024,492,515,1545,0.0,73.0,26.194174757281555,26.0
BGLIB348-23_r_1.5_s_100_BGLIB348-23,BGLIB348-23,21343957,4078,4115,1581,0.0,558.0,218.24667931688805,235.0
BGLIB288-23_r_1.5_s_100_BGLIB288-23,BGLIB288-23,14084214,485,615,1608,0.0,76.0,23.94402985074627,23.0
BGLIB328-23_r_1_s_100_BGLIB328-23,BGLIB328-23,14011733,3793,2424,1566,0.0,405.0,224.42528735632183,224.0
BGLIB312-23_r_1_s_100_BGLIB312-23,BGLIB312-23,9263733,5204,1953,1536,0.0,514.0,275.4375,261.0
BGLIB321-23_r_1.3_s_100_BGLIB321-23,BGLIB321-23,10102004,7530,779,1536,0.0,901.0,472.37890625,447.5
BGLIB369-23_r_1.3_s_50_BGLIB369-23,BGLIB369-23,938770,94,52,1548,0.0,12.0,3.6608527131782944,4.0
BGLIB298-23_r_1.3_s_50_BGLIB298-23,BGLIB298-23,30677682,33293,454,1533,0.0,2625.0,1580.123287671233,1614.0
BGLIB333-23_r_1.5_s_50_BGLIB333-23,BGLIB333-23,6259374,3152,570,1566,0.0,400.0,146.06130268199234,141.0
BGLIB344-23_r_1.5_s_50_BGLIB344-23,BGLIB344-23,3717024,105,515,1545,0.0,26.0,4.064077669902913,2.0
BGLIB356-23_r_1.5_s_100_BGLIB356-23,BGLIB356-23,2213450,28,50,1560,0.0,16.0,1.4057692307692307,0.0
BGLIB315-23_r_1.5_s_100_BGLIB315-23,BGLIB315-23,15020273,4831,7,1542,0.0,620.0,308.4338521400778,344.5
BGLIB363-23_r_1.3_s_100_BGLIB363-23,BGLIB363-23,32631911,4743,298,1548,0.0,507.0,261.57751937984494,297.0
BGLIB353-23_r_1.5_s_100_BGLIB353-23,BGLIB353-23,14100524,3621,750,1581,0.0,576.0,213.44212523719165,188.0
BGLIB287-23_r_1.5_s_50_BGLIB287-23,BGLIB287-23,9132540,2790,172,1608,0.0,263.0,117.53171641791045,126.0
BGLIB321-23_r_1.3_s_50_BGLIB321-23,BGLIB321-23,10102004,9512,779,1536,0.0,974.0,535.4609375,502.5
BGLIB294-23_r_1.5_s_100_BGLIB294-23,BGLIB294-23,18182954,9632,935,1536,0.0,1260.0,651.765625,668.5
BGLIB298-23_r_1_s_100_BGLIB298-23,BGLIB298-23,30677682,21709,454,1533,0.0,2148.0,1225.389432485323,1206.0
BGLIB291-23_r_1_s_50_BGLIB291-23,BGLIB291-23,15290380,6469,713,1608,0.0,510.0,293.3264925373134,304.0
BGLIB286-23_r_1_s_50_BGLIB286-23,BGLIB286-23,10045827,2139,813,1608,0.0,204.0,92.08208955223881,94.0
BGLIB348-23_r_1.3_s_100_BGLIB348-23,BGLIB348-23,21343957,5061,4115,1581,0.0,558.0,274.09108159392787,293.0
BGLIB337-23_r_1.3_s_50_BGLIB337-23,BGLIB337-23,2718153,48,168,1566,0.0,9.0,2.0363984674329503,2.0
BGLIB313-23_r_1.5_s_100_BGLIB313-23,BGLIB313-23,9217483,2376,407,1533,0.0,284.0,121.69080234833659,123.0
BGLIB370-23_r_1.3_s_100_BGLIB370-23,BGLIB370-23,3296961,111031,33903,1599,0.0,10957.0,6947.337711069418,7408.0
BGLIB305-23_r_1.3_s_100_BGLIB305-23,BGLIB305-23,71339639,23279,14095,1608,0.0,2345.0,1235.839552238806,1347.0
BGLIB306-23_r_1.3_s_100_BGLIB306-23,BGLIB306-23,3980480,468,877,1608,0.0,120.0,22.26865671641791,18.0
BGLIB314-23_r_1.5_s_100_BGLIB314-23,BGLIB314-23,13250355,20970,493,1542,0.0,2497.0,1443.2237354085603,1609.5
BGLIB310-23_r_1.3_s_50_BGLIB310-23,BGLIB310-23,24668028,1070,3,1566,0.0,92.0,51.7183908045977,55.0
BGLIB350-23_r_1.5_s_50_BGLIB350-23,BGLIB350-23,11180448,774,745,1545,5.0,101.0,29.073786407766992,26.0
BGLIB334-23_r_1.5_s_100_BGLIB334-23,BGLIB334-23,13309719,18709,3061,1566,0.0,2263.0,1126.7164750957854,1300.5
BGLIB329-23_r_1.3_s_100_BGLIB329-23,BGLIB329-23,10900446,233,100,1608,0.0,38.0,12.227611940298507,10.0
BGLIB336-23_r_1.5_s_100_BGLIB336-23,BGLIB336-23,3889370,13199,500,1536,0.0,1608.0,727.48046875,729.0
BGLIB368-23_r_1.3_s_50_BGLIB368-23,BGLIB368-23,7173442,2049,383,1560,0.0,182.0,115.59423076923076,119.0
BGLIB337-23_r_1.5_s_50_BGLIB337-23,BGLIB337-23,2718153,30,168,1566,0.0,8.0,1.2279693486590038,0.0
BGLIB298-23_r_1_s_50_BGLIB298-23,BGLIB298-23,30677682,35063,454,1533,0.0,2672.0,1660.013698630137,1673.0
BGLIB378-23_r_1.3_s_50_BGLIB378-23,BGLIB378-23,3543381,2954,69,1548,0.0,230.0,131.5329457364341,130.0
BGLIB298-23_r_1.5_s_100_BGLIB298-23,BGLIB298-23,30677682,18896,454,1533,0.0,2111.0,1048.4187866927593,1126.0
BGLIB375-23_r_1.3_s_50_BGLIB375-23,BGLIB375-23,23442321,5292,231,1542,93.0,528.0,265.1634241245136,240.0
BGLIB359-23_r_1.3_s_100_BGLIB359-23,BGLIB359-23,27944852,3251,3458,1554,0.0,390.0,207.1119691119691,192.0
BGLIB362-23_r_1_s_50_BGLIB362-23,BGLIB362-23,17796821,705,37,1560,0.0,68.0,31.848076923076924,29.0
BGLIB357-23_r_1.3_s_50_BGLIB357-23,BGLIB357-23,920941,49,38,1560,0.0,11.0,1.9615384615384615,0.0
BGLIB314-23_r_1.3_s_100_BGLIB314-23,BGLIB314-23,13250355,26413,493,1542,0.0,2855.0,1832.5778210116732,1837.0
BGLIB296-23_r_1.3_s_50_BGLIB296-23,BGLIB296-23,610004,2093,57,1536,0.0,194.0,79.974609375,75.0
BGLIB324-23_r_1_s_50_BGLIB324-23,BGLIB324-23,13340377,12598,1731,1566,10.0,1191.0,612.0670498084291,607.0
BGLIB317-23_r_1.3_s_50_BGLIB317-23,BGLIB317-23,1406165,42,40,1608,0.0,8.0,1.708955223880597,0.0
BGLIB379-23_r_1.5_s_50_BGLIB379-23,BGLIB379-23,6697294,2210,970,1581,0.0,262.0,78.02466793168881,68.0
BGLIB299-23_r_1.5_s_50_BGLIB299-23,BGLIB299-23,3919549,10083,626,1542,0.0,1144.0,514.3035019455253,557.0
BGLIB291-23_r_1.3_s_100_BGLIB291-23,BGLIB291-23,15290380,3694,713,1608,0.0,349.0,201.42350746268656,226.5
BGLIB348-23_r_1.3_s_50_BGLIB348-23,BGLIB348-23,21343957,9174,4115,1581,0.0,728.0,405.97153700189756,450.0
BGLIB359-23_r_1.5_s_50_BGLIB359-23,BGLIB359-23,27944852,2992,3458,1554,0.0,417.0,158.97297297297297,133.5
BGLIB331-23_r_1.3_s_100_BGLIB331-23,BGLIB331-23,9089252,456,1022,1566,0.0,67.0,22.814176245210728,21.0
BGLIB373-23_r_1.3_s_100_BGLIB373-23,BGLIB373-23,366606,15,31,1548,0.0,6.0,0.872093023255814,0.0
BGLIB301-23_r_1.5_s_50_BGLIB301-23,BGLIB301-23,15008273,9627,28,1542,1.0,1063.0,493.1147859922179,528.5
BGLIB322-23_r_1_s_50_BGLIB322-23,BGLIB322-23,13784874,8583,807,1566,0.0,791.0,387.05172413793105,351.5
BGLIB336-23_r_1.5_s_50_BGLIB336-23,BGLIB336-23,3889370,17861,500,1536,0.0,2002.0,873.837890625,878.0
BGLIB374-23_r_1.5_s_50_BGLIB374-23,BGLIB374-23,17164323,4826,18,1548,65.0,413.0,240.73837209302326,243.0
BGLIB360-23_r_1_s_100_BGLIB360-23,BGLIB360-23,37784752,2250,102,1551,0.0,261.0,147.43520309477756,147.0
BGLIB323-23_r_1_s_50_BGLIB323-23,BGLIB323-23,10115352,7945,190,1536,0.0,660.0,331.109375,302.0
BGLIB369-23_r_1_s_100_BGLIB369-23,BGLIB369-23,938770,44,52,1548,0.0,10.0,2.808139534883721,2.0
BGLIB293-23_r_1.3_s_100_BGLIB293-23,BGLIB293-23,11969488,2414,175,1536,35.0,266.0,146.787109375,143.5
BGLIB370-23_r_1_s_100_BGLIB370-23,BGLIB370-23,3296961,115039,33903,1599,0.0,10974.0,7204.515947467167,7539.0
BGLIB313-23_r_1.3_s_50_BGLIB313-23,BGLIB313-23,9217483,4642,407,1533,0.0,351.0,198.73776908023484,194.0
BGLIB371-23_r_1.5_s_50_BGLIB371-23,BGLIB371-23,2112348,135,116,1581,0.0,29.0,5.669829222011385,4.0
BGLIB293-23_r_1.5_s_100_BGLIB293-23,BGLIB293-23,11969488,2027,175,1536,0.0,264.0,121.8203125,125.5
BGLIB323-23_r_1.3_s_100_BGLIB323-23,BGLIB323-23,10115352,3433,190,1536,0.0,414.0,177.578125,183.0
BGLIB352-23_r_1_s_100_BGLIB352-23,BGLIB352-23,12145955,1456,513,1551,0.0,148.0,78.65764023210832,78.0
BGLIB345-23_r_1_s_100_BGLIB345-23,BGLIB345-23,10988109,91,131,1545,0.0,29.0,5.918446601941747,4.0
BGLIB311-23_r_1.3_s_50_BGLIB311-23,BGLIB311-23,11360242,6858,1044,1536,0.0,553.0,309.392578125,324.5
BGLIB310-23_r_1.5_s_50_BGLIB310-23,BGLIB310-23,24668028,817,3,1566,0.0,90.0,40.227969348659,44.0
BGLIB335-23_r_1_s_100_BGLIB335-23,BGLIB335-23,4011190,33218,687,1536,0.0,3628.0,1797.3125,1676.5
BGLIB328-23_r_1.3_s_50_BGLIB328-23,BGLIB328-23,14011733,5310,2424,1566,0.0,503.0,259.6570881226054,271.0
BGLIB353-23_r_1.3_s_50_BGLIB353-23,BGLIB353-23,14100524,7974,750,1581,0.0,891.0,424.7571157495256,445.0
BGLIB377-23_r_1_s_50_BGLIB377-23,BGLIB377-23,14696455,9644,2554,1560,0.0,891.0,445.05192307692306,492.5
BGLIB326-23_r_1.3_s_50_BGLIB326-23,BGLIB326-23,16772256,4793,201,1542,0.0,421.0,278.7996108949416,282.5
BGLIB371-23_r_1_s_50_BGLIB371-23,BGLIB371-23,2112348,280,116,1581,0.0,35.0,12.703984819734345,11.0
BGLIB331-23_r_1.5_s_50_BGLIB331-23,BGLIB331-23,9089252,1200,1022,1566,0.0,115.0,40.74521072796935,36.5
BGLIB348-23_r_1_s_50_BGLIB348-23,BGLIB348-23,21343957,10576,4115,1581,0.0,731.0,473.77229601518025,495.0
BGLIB300-23_r_1.5_s_100_BGLIB300-23,BGLIB300-23,10673433,3889,38,1542,0.0,543.0,220.3054474708171,232.0
BGLIB292-23_r_1.3_s_50_BGLIB292-23,BGLIB292-23,5252406,879,99,1566,0.0,79.0,34.50766283524904,36.0
BGLIB332-23_r_1.3_s_50_BGLIB332-23,BGLIB332-23,11606068,4086,575,1536,18.0,373.0,212.568359375,205.0
BGLIB312-23_r_1.3_s_100_BGLIB312-23,BGLIB312-23,9263733,5125,1953,1536,0.0,510.0,269.849609375,255.5
BGLIB330-23_r_1_s_100_BGLIB330-23,BGLIB330-23,836764,9,6,1608,0.0,5.0,0.458955223880597,0.0
BGLIB346-23_r_1_s_50_BGLIB346-23,BGLIB346-23,10305638,2932,664,1536,0.0,263.0,110.88671875,105.0
BGLIB295-23_r_1.5_s_100_BGLIB295-23,BGLIB295-23,2228762,26,35,1536,0.0,6.0,1.3125,2.0
BGLIB364-23_r_1.5_s_100_BGLIB364-23,BGLIB364-23,21161617,1026,19,1530,0.0,128.0,55.11176470588235,53.0
BGLIB366-23_r_1_s_100_BGLIB366-23,BGLIB366-23,8317298,12,107,1581,0.0,10.0,0.7533206831119544,0.0
BGLIB311-23_r_1.5_s_50_BGLIB311-23,BGLIB311-23,11360242,5666,1044,1536,0.0,547.0,251.556640625,257.5
BGLIB342-23_r_1_s_100_BGLIB342-23,BGLIB342-23,13446937,1635,1049,1545,0.0,303.0,120.50097087378641,126.0
BGLIB361-23_r_1_s_50_BGLIB361-23,BGLIB361-23,856058,146,28,1599,0.0,19.0,6.682926829268292,6.0
BGLIB365-23_r_1_s_50_BGLIB365-23,BGLIB365-23,3960635,351,48,1599,0.0,42.0,14.395872420262664,12.0
BGLIB353-23_r_1_s_100_BGLIB353-23,BGLIB353-23,14100524,5895,750,1581,0.0,801.0,368.35673624288427,356.0
BGLIB354-23_r_1_s_50_BGLIB354-23,BGLIB354-23,8350276,2197,58,1554,0.0,143.0,79.38803088803088,80.0
BGLIB351-23_r_1.5_s_100_BGLIB351-23,BGLIB351-23,14111201,741,22,1536,6.0,99.0,36.662109375,32.0
BGLIB333-23_r_1_s_100_BGLIB333-23,BGLIB333-23,6259374,2528,570,1566,0.0,330.0,146.04597701149424,140.0
BGLIB315-23_r_1.3_s_100_BGLIB315-23,BGLIB315-23,15020273,5954,7,1542,0.0,638.0,386.2373540856031,380.0
BGLIB317-23_r_1_s_100_BGLIB317-23,BGLIB317-23,1406165,18,40,1608,0.0,4.0,1.0895522388059702,0.0
BGLIB306-23_r_1.5_s_100_BGLIB306-23,BGLIB306-23,3980480,380,877,1608,0.0,91.0,17.28358208955224,14.0
BGLIB287-23_r_1.3_s_50_BGLIB287-23,BGLIB287-23,9132540,3853,172,1608,0.0,318.0,162.69216417910448,183.0
BGLIB304-23_r_1.3_s_100_BGLIB304-23,BGLIB304-23,5858044,921,240,1608,0.0,107.0,48.757462686567166,53.0
BGLIB368-23_r_1.5_s_50_BGLIB368-23,BGLIB368-23,7173442,1378,383,1560,0.0,154.0,74.75,79.0
BGLIB316-23_r_1.5_s_50_BGLIB316-23,BGLIB316-23,19394847,8363,1025,1542,0.0,1066.0,461.2743190661479,462.5
BGLIB380-23_r_1_s_50_BGLIB380-23,BGLIB380-23,1566136,2508,73,1581,0.0,209.0,86.87286527514232,78.0
BGLIB311-23_r_1.3_s_100_BGLIB311-23,BGLIB311-23,11360242,4152,1044,1536,0.0,445.0,222.296875,225.5
BGLIB346-23_r_1_s_100_BGLIB346-23,BGLIB346-23,10305638,1080,664,1536,0.0,133.0,54.267578125,49.5
BGLIB289-23_r_1.5_s_50_BGLIB289-23,BGLIB289-23,24456383,5061,46,1608,0.0,559.0,219.67723880597015,236.0
BGLIB289-23_r_1_s_50_BGLIB289-23,BGLIB289-23,24456383,7768,46,1608,0.0,680.0,345.13619402985074,337.0
BGLIB303-23_r_1_s_100_BGLIB303-23,BGLIB303-23,13571476,2225,135,1608,0.0,257.0,125.53731343283582,125.0
BGLIB362-23_r_1.5_s_100_BGLIB362-23,BGLIB362-23,17796821,302,37,1560,0.0,43.0,16.826923076923077,18.0
BGLIB335-23_r_1.3_s_100_BGLIB335-23,BGLIB335-23,4011190,32625,687,1536,0.0,3610.0,1757.896484375,1638.5
BGLIB343-23_r_1.5_s_50_BGLIB343-23,BGLIB343-23,21778778,494,53,1545,0.0,42.0,22.879611650485437,22.0
BGLIB380-23_r_1.3_s_50_BGLIB380-23,BGLIB380-23,1566136,2173,73,1581,0.0,207.0,73.30360531309297,64.0
BGLIB372-23_r_1.5_s_100_BGLIB372-23,BGLIB372-23,918762,4,24,1560,0.0,4.0,0.2076923076923077,0.0
BGLIB303-23_r_1.3_s_50_BGLIB303-23,BGLIB303-23,13571476,4595,135,1608,0.0,407.0,194.13059701492537,201.5
BGLIB380-23_r_1.5_s_100_BGLIB380-23,BGLIB380-23,1566136,392,73,1581,0.0,87.0,17.377609108159394,10.0
BGLIB314-23_r_1_s_100_BGLIB314-23,BGLIB314-23,13250355,27651,493,1542,0.0,2867.0,1926.9494163424124,1930.5
BGLIB318-23_r_1.3_s_100_BGLIB318-23,BGLIB318-23,10403436,283,69,1608,0.0,34.0,13.833955223880597,14.0
BGLIB292-23_r_1_s_100_BGLIB292-23,BGLIB292-23,5252406,422,99,1566,0.0,61.0,23.584291187739463,23.0
BGLIB365-23_r_1.5_s_100_BGLIB365-23,BGLIB365-23,3960635,110,48,1599,0.0,20.0,5.6679174484052535,4.0
BGLIB293-23_r_1_s_50_BGLIB293-23,BGLIB293-23,11969488,3389,175,1536,45.0,289.0,178.076171875,170.5
BGLIB288-23_r_1.3_s_50_BGLIB288-23,BGLIB288-23,14084214,1280,615,1608,0.0,153.0,50.82835820895522,46.0
BGLIB368-23_r_1.5_s_100_BGLIB368-23,BGLIB368-23,7173442,1031,383,1560,0.0,144.0,64.04230769230769,67.0
BGLIB353-23_r_1.5_s_50_BGLIB353-23,BGLIB353-23,14100524,5183,750,1581,0.0,629.0,260.9810246679317,250.0
BGLIB316-23_r_1_s_50_BGLIB316-23,BGLIB316-23,19394847,10147,1025,1542,250.0,1072.0,556.8307392996109,504.0
BGLIB367-23_r_1.5_s_100_BGLIB367-23,BGLIB367-23,3137930,449,353,1527,4.0,51.0,22.640471512770137,22.0
BGLIB306-23_r_1_s_100_BGLIB306-23,BGLIB306-23,3980480,562,877,1608,0.0,128.0,27.940298507462686,29.0
BGLIB327-23_r_1.5_s_100_BGLIB327-23,BGLIB327-23,17325575,5866,2441,1536,0.0,788.0,316.205078125,335.0
BGLIB366-23_r_1.5_s_100_BGLIB366-23,BGLIB366-23,8317298,8,107,1581,0.0,8.0,0.4250474383301708,0.0
BGLIB330-23_r_1_s_50_BGLIB330-23,BGLIB330-23,836764,41,6,1608,0.0,10.0,1.4440298507462686,0.0
BGLIB307-23_r_1_s_100_BGLIB307-23,BGLIB307-23,18009094,13549,12,1608,0.0,1356.0,664.6194029850747,732.5
BGLIB367-23_r_1.5_s_50_BGLIB367-23,BGLIB367-23,3137930,876,353,1527,6.0,72.0,35.420432220039295,33.0
BGLIB339-23_r_1_s_50_BGLIB339-23,BGLIB339-23,10567218,18793,5531,1542,0.0,1725.0,1156.2003891050583,1115.5
BGLIB350-23_r_1.3_s_50_BGLIB350-23,BGLIB350-23,11180448,1106,745,1545,6.0,106.0,43.01359223300971,39.0
BGLIB290-23_r_1_s_100_BGLIB290-23,BGLIB290-23,7645913,46319,11224,1608,0.0,4435.0,2507.5522388059703,2739.5
BGLIB360-23_r_1.5_s_50_BGLIB360-23,BGLIB360-23,37784752,2249,102,1551,0.0,244.0,132.67117988394585,135.0
BGLIB345-23_r_1.5_s_100_BGLIB345-23,BGLIB345-23,10988109,38,131,1545,0.0,12.0,1.9902912621359223,1.0
BGLIB336-23_r_1.3_s_50_BGLIB336-23,BGLIB336-23,3889370,20876,500,1536,0.0,2049.0,1024.3984375,966.0
BGLIB379-23_r_1.3_s_50_BGLIB379-23,BGLIB379-23,6697294,3384,970,1581,0.0,277.0,124.99810246679317,114.0
BGLIB340-23_r_1.3_s_100_BGLIB340-23,BGLIB340-23,20077106,358,6,1536,0.0,53.0,18.96875,18.0
BGLIB296-23_r_1.3_s_100_BGLIB296-23,BGLIB296-23,610004,845,57,1536,0.0,118.0,41.876953125,39.0
BGLIB319-23_r_1_s_100_BGLIB319-23,BGLIB319-23,40795630,2728,841,1608,0.0,328.0,150.3339552238806,153.0
BGLIB354-23_r_1.5_s_100_BGLIB354-23,BGLIB354-23,8350276,473,58,1554,0.0,72.0,22.164092664092664,18.0
BGLIB366-23_r_1.3_s_100_BGLIB366-23,BGLIB366-23,8317298,8,107,1581,0.0,8.0,0.4250474383301708,0.0
BGLIB317-23_r_1.5_s_100_BGLIB317-23,BGLIB317-23,1406165,10,40,1608,0.0,4.0,0.5970149253731343,0.0
BGLIB335-23_r_1_s_50_BGLIB335-23,BGLIB335-23,4011190,51357,687,1536,0.0,5068.0,2396.529296875,2280.0
BGLIB301-23_r_1_s_100_BGLIB301-23,BGLIB301-23,15008273,8565,28,1542,92.0,946.0,489.636186770428,482.5
BGLIB286-23_r_1_s_100_BGLIB286-23,BGLIB286-23,10045827,1093,813,1608,0.0,132.0,58.53731343283582,64.0
BGLIB343-23_r_1.3_s_100_BGLIB343-23,BGLIB343-23,21778778,330,53,1545,0.0,37.0,18.885436893203885,19.0
BGLIB315-23_r_1.3_s_50_BGLIB315-23,BGLIB315-23,15020273,7358,7,1542,0.0,669.0,430.96692607003894,426.0
BGLIB363-23_r_1.5_s_100_BGLIB363-23,BGLIB363-23,32631911,3731,298,1548,0.0,507.0,199.43410852713177,193.5
BGLIB313-23_r_1_s_50_BGLIB313-23,BGLIB313-23,9217483,5167,407,1533,0.0,414.0,223.06066536203522,207.0
BGLIB326-23_r_1_s_50_BGLIB326-23,BGLIB326-23,16772256,5070,201,1542,0.0,422.0,293.82101167315176,297.5
BGLIB347-23_r_1.5_s_50_BGLIB347-23,BGLIB347-23,32342413,146796,1598,1536,779.0,12122.0,8035.95703125,8148.5
BGLIB337-23_r_1.3_s_100_BGLIB337-23,BGLIB337-23,2718153,23,168,1566,0.0,9.0,1.2969348659003832,0.0
BGLIB299-23_r_1_s_50_BGLIB299-23,BGLIB299-23,3919549,14977,626,1542,2.0,1301.0,774.7295719844358,743.0
BGLIB356-23_r_1_s_100_BGLIB356-23,BGLIB356-23,2213450,37,50,1560,0.0,16.0,1.9576923076923076,0.0
BGLIB374-23_r_1.5_s_100_BGLIB374-23,BGLIB374-23,17164323,3538,18,1548,63.0,335.0,201.18798449612405,203.0
BGLIB288-23_r_1.5_s_50_BGLIB288-23,BGLIB288-23,14084214,942,615,1608,0.0,128.0,37.05410447761194,34.0
BGLIB356-23_r_1_s_50_BGLIB356-23,BGLIB356-23,2213450,101,50,1560,0.0,20.0,4.040384615384616,2.0
BGLIB367-23_r_1_s_50_BGLIB367-23,BGLIB367-23,3137930,2151,353,1527,12.0,189.0,89.83300589390963,87.0
BGLIB352-23_r_1_s_50_BGLIB352-23,BGLIB352-23,12145955,3373,513,1551,0.0,282.0,142.59187620889747,140.0
BGLIB322-23_r_1.5_s_50_BGLIB322-23,BGLIB322-23,13784874,6361,807,1566,0.0,775.0,285.9521072796935,310.0
BGLIB309-23_r_1_s_100_BGLIB309-23,BGLIB309-23,8356677,530,20,1566,0.0,57.0,29.011494252873565,28.0
BGLIB325-23_r_1.3_s_50_BGLIB325-23,BGLIB325-23,15605113,7778,326,1542,0.0,700.0,496.0369649805447,487.5
BGLIB367-23_r_1_s_100_BGLIB367-23,BGLIB367-23,3137930,743,353,1527,4.0,99.0,41.38703339882122,39.0
BGLIB334-23_r_1_s_50_BGLIB334-23,BGLIB334-23,13309719,31554,3061,1566,0.0,2777.0,1700.9827586206898,1676.0
BGLIB377-23_r_1.5_s_100_BGLIB377-23,BGLIB377-23,14696455,2190,2554,1560,0.0,467.0,114.325,56.0
BGLIB354-23_r_1.3_s_50_BGLIB354-23,BGLIB354-23,8350276,1946,58,1554,0.0,136.0,69.0945945945946,75.0
BGLIB316-23_r_1.3_s_50_BGLIB316-23,BGLIB316-23,19394847,9672,1025,1542,242.0,1066.0,538.2334630350194,493.0
BGLIB327-23_r_1.5_s_50_BGLIB327-23,BGLIB327-23,17325575,9153,2441,1536,0.0,979.0,418.517578125,448.0
BGLIB355-23_r_1.3_s_50_BGLIB355-23,BGLIB355-23,12313387,3123,170,1599,0.0,258.0,145.7279549718574,146.0
BGLIB348-23_r_1_s_100_BGLIB348-23,BGLIB348-23,21343957,5515,4115,1581,0.0,563.0,304.71726755218214,301.0
BGLIB316-23_r_1.3_s_100_BGLIB316-23,BGLIB316-23,19394847,7740,1025,1542,112.0,977.0,476.65564202334633,434.0
BGLIB363-23_r_1.3_s_50_BGLIB363-23,BGLIB363-23,32631911,8527,298,1548,0.0,653.0,383.3740310077519,424.5
BGLIB341-23_r_1.5_s_50_BGLIB341-23,BGLIB341-23,16237157,692,4,1536,0.0,102.0,31.05078125,29.5
BGLIB314-23_r_1.3_s_50_BGLIB314-23,BGLIB314-23,13250355,30452,493,1542,0.0,3007.0,1959.5175097276265,1946.5
BGLIB360-23_r_1_s_50_BGLIB360-23,BGLIB360-23,37784752,3017,102,1551,0.0,294.0,172.46615087040618,173.0
BGLIB330-23_r_1.3_s_100_BGLIB330-23,BGLIB330-23,836764,8,6,1608,0.0,4.0,0.3843283582089552,0.0
BGLIB304-23_r_1.5_s_50_BGLIB304-23,BGLIB304-23,5858044,1457,240,1608,0.0,137.0,59.042910447761194,60.0
BGLIB369-23_r_1.5_s_100_BGLIB369-23,BGLIB369-23,938770,19,52,1548,0.0,6.0,0.9573643410852714,0.0
BGLIB329-23_r_1_s_100_BGLIB329-23,BGLIB329-23,10900446,258,100,1608,0.0,38.0,13.798507462686567,12.0
BGLIB316-23_r_1.5_s_100_BGLIB316-23,BGLIB316-23,19394847,6812,1025,1542,0.0,977.0,413.67898832684824,416.0
BGLIB320-23_r_1.5_s_50_BGLIB320-23,BGLIB320-23,7683567,1952,553,1608,0.0,172.0,72.65485074626865,78.0
BGLIB379-23_r_1_s_50_BGLIB379-23,BGLIB379-23,6697294,4190,970,1581,0.0,284.0,159.00189753320683,156.0
BGLIB299-23_r_1.5_s_100_BGLIB299-23,BGLIB299-23,3919549,7610,626,1542,0.0,1034.0,438.2003891050584,480.0
BGLIB380-23_r_1_s_100_BGLIB380-23,BGLIB380-23,1566136,534,73,1581,0.0,93.0,25.23719165085389,19.0
BGLIB294-23_r_1_s_100_BGLIB294-23,BGLIB294-23,18182954,11740,935,1536,160.0,1263.0,801.599609375,794.5
BGLIB328-23_r_1.3_s_100_BGLIB328-23,BGLIB328-23,14011733,3506,2424,1566,0.0,391.0,202.632183908046,210.0
BGLIB324-23_r_1.5_s_50_BGLIB324-23,BGLIB324-23,13340377,9292,1731,1566,0.0,879.0,445.32567049808426,506.5
BGLIB335-23_r_1.5_s_50_BGLIB335-23,BGLIB335-23,4011190,42404,687,1536,0.0,4927.0,1962.033203125,1955.5
BGLIB340-23_r_1.3_s_50_BGLIB340-23,BGLIB340-23,20077106,761,6,1536,0.0,78.0,31.6171875,31.5
BGLIB338-23_r_1_s_100_BGLIB338-23,BGLIB338-23,11182431,1460,261,1566,0.0,144.0,76.04597701149426,79.0
BGLIB321-23_r_1_s_50_BGLIB321-23,BGLIB321-23,10102004,9905,779,1536,0.0,990.0,554.08984375,523.0
BGLIB358-23_r_1_s_50_BGLIB358-23,BGLIB358-23,1560599,208,13,1581,0.0,32.0,8.320683111954459,8.0
BGLIB376-23_r_1.5_s_50_BGLIB376-23,BGLIB376-23,11333301,788,2466,1542,0.0,175.0,22.776264591439688,4.0
BGLIB362-23_r_1.3_s_100_BGLIB362-23,BGLIB362-23,17796821,341,37,1560,0.0,47.0,19.059615384615384,18.0
BGLIB364-23_r_1.3_s_50_BGLIB364-23,BGLIB364-23,21161617,2008,19,1530,0.0,189.0,89.8843137254902,86.5
BGLIB294-23_r_1.3_s_50_BGLIB294-23,BGLIB294-23,18182954,13458,935,1536,124.0,1340.0,850.91015625,848.5
BGLIB367-23_r_1.3_s_100_BGLIB367-23,BGLIB367-23,3137930,595,353,1527,4.0,76.0,31.335952848722986,30.0
BGLIB334-23_r_1.5_s_50_BGLIB334-23,BGLIB334-23,13309719,23869,3061,1566,0.0,2504.0,1282.7068965517242,1448.5
BGLIB292-23_r_1.5_s_100_BGLIB292-23,BGLIB292-23,5252406,270,99,1566,0.0,58.0,13.011494252873563,10.0
BGLIB374-23_r_1.3_s_100_BGLIB374-23,BGLIB374-23,17164323,3686,18,1548,63.0,337.0,210.09108527131784,205.0
BGLIB324-23_r_1.3_s_100_BGLIB324-23,BGLIB324-23,13340377,7855,1731,1566,0.0,818.0,437.632183908046,468.0
BGLIB297-23_r_1.5_s_50_BGLIB297-23,BGLIB297-23,10824575,1661,357,1536,0.0,194.0,75.96875,72.5
BGLIB334-23_r_1.3_s_50_BGLIB334-23,BGLIB334-23,13309719,29449,3061,1566,0.0,2749.0,1575.0498084291187,1583.0
BGLIB341-23_r_1.5_s_100_BGLIB341-23,BGLIB341-23,16237157,408,4,1536,0.0,75.0,22.45703125,22.0
BGLIB302-23_r_1_s_100_BGLIB302-23,BGLIB302-23,24533899,2547,495,1542,0.0,248.0,161.33073929961088,163.5
BGLIB286-23_r_1.5_s_50_BGLIB286-23,BGLIB286-23,10045827,1426,813,1608,0.0,159.0,60.65298507462686,64.0
BGLIB362-23_r_1.5_s_50_BGLIB362-23,BGLIB362-23,17796821,436,37,1560,0.0,56.0,20.857692307692307,20.0
BGLIB334-23_r_1.3_s_100_BGLIB334-23,BGLIB334-23,13309719,22181,3061,1566,0.0,2418.0,1340.888888888889,1404.0
BGLIB308-23_r_1.5_s_100_BGLIB308-23,BGLIB308-23,18601424,3004,871,1608,0.0,315.0,198.44776119402985,235.0
BGLIB375-23_r_1.5_s_100_BGLIB375-23,BGLIB375-23,23442321,3646,231,1542,51.0,451.0,208.215953307393,192.0
BGLIB338-23_r_1.3_s_50_BGLIB338-23,BGLIB338-23,11182431,2419,261,1566,0.0,212.0,104.61685823754789,106.0
BGLIB341-23_r_1.3_s_50_BGLIB341-23,BGLIB341-23,16237157,830,4,1536,0.0,102.0,37.466796875,34.0
BGLIB303-23_r_1.5_s_100_BGLIB303-23,BGLIB303-23,13571476,1602,135,1608,0.0,196.0,87.47574626865672,94.5
BGE00403-NC_r_1_s_100_BGE00403-NC,BGE00403-NC,188659,13,16,1539,0.0,4.0,1.01364522417154,0.0
BGLIB355-23_r_1.5_s_100_BGLIB355-23,BGLIB355-23,12313387,1710,170,1599,0.0,235.0,91.03189493433396,98.0
BGLIB331-23_r_1_s_100_BGLIB331-23,BGLIB331-23,9089252,530,1022,1566,0.0,67.0,27.846743295019156,26.0
BGLIB349-23_r_1_s_50_BGLIB349-23,BGLIB349-23,6089829,6919,365,1554,98.0,878.0,323.8532818532818,301.5
BGLIB303-23_r_1.3_s_100_BGLIB303-23,BGLIB303-23,13571476,2112,135,1608,0.0,236.0,117.84888059701493,120.0
BGLIB312-23_r_1.5_s_100_BGLIB312-23,BGLIB312-23,9263733,4616,1953,1536,0.0,510.0,239.46484375,227.0
BGLIB317-23_r_1.3_s_100_BGLIB317-23,BGLIB317-23,1406165,16,40,1608,0.0,4.0,0.9552238805970149,0.0
BGLIB304-23_r_1_s_50_BGLIB304-23,BGLIB304-23,5858044,2188,240,1608,0.0,171.0,89.60820895522389,96.0
BGLIB358-23_r_1.3_s_50_BGLIB358-23,BGLIB358-23,1560599,166,13,1581,0.0,32.0,6.218216318785578,6.0
BGLIB380-23_r_1.5_s_50_BGLIB380-23,BGLIB380-23,1566136,1542,73,1581,0.0,194.0,50.787476280834916,39.0
BGLIB301-23_r_1.3_s_50_BGLIB301-23,BGLIB301-23,15008273,11149,28,1542,212.0,1066.0,571.9980544747082,561.0
BGLIB361-23_r_1.5_s_50_BGLIB361-23,BGLIB361-23,856058,84,28,1599,0.0,14.0,3.4352720450281424,2.0
BGLIB293-23_r_1_s_100_BGLIB293-23,BGLIB293-23,11969488,2446,175,1536,43.0,266.0,148.85546875,145.0
BGLIB346-23_r_1.3_s_50_BGLIB346-23,BGLIB346-23,10305638,2823,664,1536,0.0,257.0,106.103515625,100.0
BGLIB340-23_r_1.5_s_50_BGLIB340-23,BGLIB340-23,20077106,588,6,1536,0.0,73.0,24.578125,23.0
BGLIB376-23_r_1.5_s_100_BGLIB376-23,BGLIB376-23,11333301,120,2466,1542,0.0,52.0,5.787937743190661,2.0
BGLIB295-23_r_1.3_s_50_BGLIB295-23,BGLIB295-23,2228762,83,35,1536,0.0,16.0,3.568359375,2.0
BGLIB353-23_r_1.3_s_100_BGLIB353-23,BGLIB353-23,14100524,5545,750,1581,0.0,736.0,345.9639468690702,350.0
BGLIB376-23_r_1_s_50_BGLIB376-23,BGLIB376-23,11333301,2513,2466,1542,2.0,339.0,100.98249027237354,76.5
BGLIB309-23_r_1.5_s_50_BGLIB309-23,BGLIB309-23,8356677,890,20,1566,0.0,69.0,35.333333333333336,38.0
BGLIB350-23_r_1_s_50_BGLIB350-23,BGLIB350-23,11180448,1640,745,1545,7.0,132.0,68.1242718446602,67.0
BGLIB305-23_r_1_s_100_BGLIB305-23,BGLIB305-23,71339639,24008,14095,1608,0.0,2368.0,1285.8955223880596,1370.5
BGLIB312-23_r_1.3_s_50_BGLIB312-23,BGLIB312-23,9263733,7919,1953,1536,0.0,640.0,359.1953125,347.0
BGLIB318-23_r_1.5_s_50_BGLIB318-23,BGLIB318-23,10403436,634,69,1608,0.0,76.0,22.84141791044776,24.0
BGLIB333-23_r_1.5_s_100_BGLIB333-23,BGLIB333-23,6259374,2006,570,1566,0.0,306.0,112.63218390804597,110.5
BGLIB376-23_r_1.3_s_50_BGLIB376-23,BGLIB376-23,11333301,1371,2466,1542,0.0,263.0,45.27431906614786,12.0
BGLIB319-23_r_1.3_s_50_BGLIB319-23,BGLIB319-23,40795630,5208,841,1608,0.0,525.0,218.625,220.0
BGLIB316-23_r_1_s_100_BGLIB316-23,BGLIB316-23,19394847,7827,1025,1542,118.0,984.0,482.4338521400778,441.0
BGLIB295-23_r_1_s_100_BGLIB295-23,BGLIB295-23,2228762,59,35,1536,0.0,16.0,3.498046875,2.0
BGLIB375-23_r_1_s_100_BGLIB375-23,BGLIB375-23,23442321,3852,231,1542,51.0,461.0,220.47665369649806,201.0
BGLIB358-23_r_1.5_s_100_BGLIB358-23,BGLIB358-23,1560599,49,13,1581,0.0,15.0,2.1650853889943074,0.0
BGLIB368-23_r_1.3_s_100_BGLIB368-23,BGLIB368-23,7173442,1522,383,1560,0.0,164.0,98.5,101.0
BGLIB344-23_r_1_s_100_BGLIB344-23,BGLIB344-23,3717024,219,515,1545,0.0,55.0,16.90873786407767,17.0
BGLIB289-23_r_1.3_s_50_BGLIB289-23,BGLIB289-23,24456383,6941,46,1608,0.0,635.0,304.7070895522388,307.0
BGLIB371-23_r_1.5_s_100_BGLIB371-23,BGLIB371-23,2112348,67,116,1581,0.0,23.0,3.6318785578747628,2.0
BGLIB315-23_r_1.5_s_50_BGLIB315-23,BGLIB315-23,15020273,5836,7,1542,0.0,635.0,338.7295719844358,369.0
BGLIB344-23_r_1.3_s_100_BGLIB344-23,BGLIB344-23,3717024,92,515,1545,0.0,33.0,6.774757281553398,5.0
BGLIB323-23_r_1.5_s_50_BGLIB323-23,BGLIB323-23,10115352,5789,190,1536,0.0,653.0,236.30078125,234.0
BGLIB339-23_r_1.3_s_50_BGLIB339-23,BGLIB339-23,10567218,18107,5531,1542,0.0,1699.0,1117.0077821011673,1100.0
BGLIB318-23_r_1_s_50_BGLIB318-23,BGLIB318-23,10403436,919,69,1608,0.0,80.0,33.957089552238806,36.0
BGLIB378-23_r_1_s_100_BGLIB378-23,BGLIB378-23,3543381,1909,69,1548,0.0,172.0,101.15891472868218,102.0
BGLIB313-23_r_1_s_100_BGLIB313-23,BGLIB313-23,9217483,2743,407,1533,0.0,290.0,143.66340508806263,139.0
BGLIB379-23_r_1.3_s_100_BGLIB379-23,BGLIB379-23,6697294,1166,970,1581,0.0,161.0,57.15749525616698,52.0
BGLIB300-23_r_1.5_s_50_BGLIB300-23,BGLIB300-23,10673433,5185,38,1542,0.0,603.0,260.6206225680934,268.5
BGLIB322-23_r_1_s_100_BGLIB322-23,BGLIB322-23,13784874,4921,807,1566,0.0,646.0,266.93486590038316,254.0
BGLIB340-23_r_1_s_50_BGLIB340-23,BGLIB340-23,20077106,798,6,1536,0.0,84.0,33.2890625,32.0
BGLIB295-23_r_1.5_s_50_BGLIB295-23,BGLIB295-23,2228762,51,35,1536,0.0,8.0,2.046875,2.0
BGLIB288-23_r_1.3_s_100_BGLIB288-23,BGLIB288-23,14084214,606,615,1608,0.0,78.0,30.807835820895523,30.0
BGLIB297-23_r_1.3_s_50_BGLIB297-23,BGLIB297-23,10824575,2037,357,1536,0.0,206.0,93.732421875,84.0
BGLIB306-23_r_1.3_s_50_BGLIB306-23,BGLIB306-23,3980480,2518,877,1608,0.0,280.0,81.66044776119404,79.5
BGLIB323-23_r_1.5_s_100_BGLIB323-23,BGLIB323-23,10115352,2950,190,1536,0.0,410.0,149.25390625,165.5
BGLIB375-23_r_1.3_s_100_BGLIB375-23,BGLIB375-23,23442321,3817,231,1542,51.0,461.0,218.1556420233463,198.0
BGLIB332-23_r_1.3_s_100_BGLIB332-23,BGLIB332-23,11606068,2985,575,1536,18.0,320.0,178.716796875,168.5
BGLIB332-23_r_1.5_s_100_BGLIB332-23,BGLIB332-23,11606068,2462,575,1536,0.0,317.0,144.53125,137.5
BGLIB378-23_r_1.3_s_100_BGLIB378-23,BGLIB378-23,3543381,1863,69,1548,0.0,169.0,97.89147286821705,99.0
BGLIB369-23_r_1.5_s_50_BGLIB369-23,BGLIB369-23,938770,57,52,1548,0.0,12.0,2.060077519379845,2.0
BGLIB341-23_r_1_s_100_BGLIB341-23,BGLIB341-23,16237157,468,4,1536,0.0,75.0,26.458984375,24.0
BGLIB369-23_r_1_s_50_BGLIB369-23,BGLIB369-23,938770,133,52,1548,0.0,15.0,5.872093023255814,5.0
BGLIB363-23_r_1.5_s_50_BGLIB363-23,BGLIB363-23,32631911,6482,298,1548,0.0,623.0,283.8779069767442,311.5
BGLIB290-23_r_1.5_s_50_BGLIB290-23,BGLIB290-23,7645913,50464,11224,1608,0.0,4394.0,2322.222014925373,2708.0
BGLIB338-23_r_1.3_s_100_BGLIB338-23,BGLIB338-23,11182431,1410,261,1566,0.0,144.0,72.62452107279694,78.0
BGLIB349-23_r_1.5_s_50_BGLIB349-23,BGLIB349-23,6089829,6150,365,1554,63.0,859.0,289.12741312741315,272.0
BGLIB326-23_r_1.5_s_50_BGLIB326-23,BGLIB326-23,16772256,3821,201,1542,0.0,388.0,219.94941634241246,242.0
BGLIB289-23_r_1_s_100_BGLIB289-23,BGLIB289-23,24456383,4277,46,1608,0.0,425.0,232.65671641791045,242.0
BGLIB311-23_r_1_s_50_BGLIB311-23,BGLIB311-23,11360242,7605,1044,1536,0.0,600.0,346.939453125,361.0
BGLIB302-23_r_1.3_s_100_BGLIB302-23,BGLIB302-23,24533899,2512,495,1542,0.0,248.0,159.09922178988327,162.5
BGLIB320-23_r_1_s_50_BGLIB320-23,BGLIB320-23,7683567,2890,553,1608,0.0,221.0,109.52798507462687,111.0
BGLIB310-23_r_1_s_50_BGLIB310-23,BGLIB310-23,24668028,1356,3,1566,0.0,138.0,63.19731800766284,63.0
BGLIB315-23_r_1_s_50_BGLIB315-23,BGLIB315-23,15020273,7696,7,1542,0.0,677.0,446.67315175097275,445.0
BGLIB310-23_r_1_s_100_BGLIB310-23,BGLIB310-23,24668028,742,3,1566,0.0,71.0,43.84099616858238,47.0
BGLIB355-23_r_1.3_s_100_BGLIB355-23,BGLIB355-23,12313387,2047,170,1599,0.0,235.0,111.57598499061913,107.0
BGLIB303-23_r_1_s_50_BGLIB303-23,BGLIB303-23,13571476,5031,135,1608,0.0,471.0,213.56902985074626,216.0
BGLIB359-23_r_1.5_s_100_BGLIB359-23,BGLIB359-23,27944852,2202,3458,1554,0.0,374.0,135.13706563706563,112.0
BGLIB357-23_r_1.5_s_100_BGLIB357-23,BGLIB357-23,920941,12,38,1560,0.0,4.0,0.7942307692307692,0.0
BGLIB378-23_r_1_s_50_BGLIB378-23,BGLIB378-23,3543381,3092,69,1548,0.0,238.0,138.63372093023256,137.0
BGLIB290-23_r_1_s_50_BGLIB290-23,BGLIB290-23,7645913,74065,11224,1608,0.0,5730.0,3419.2966417910447,3675.0
BGLIB361-23_r_1.3_s_50_BGLIB361-23,BGLIB361-23,856058,111,28,1599,0.0,18.0,4.654784240150094,4.0
BGLIB377-23_r_1.3_s_50_BGLIB377-23,BGLIB377-23,14696455,7657,2554,1560,0.0,835.0,347.7307692307692,389.0
BGLIB287-23_r_1.3_s_100_BGLIB287-23,BGLIB287-23,9132540,2093,172,1608,0.0,208.0,108.55037313432835,124.0
BGLIB362-23_r_1_s_100_BGLIB362-23,BGLIB362-23,17796821,370,37,1560,0.0,48.0,20.99230769230769,20.0
BGLIB354-23_r_1_s_100_BGLIB354-23,BGLIB354-23,8350276,618,58,1554,0.0,74.0,30.542471042471043,28.0
BGLIB357-23_r_1.3_s_100_BGLIB357-23,BGLIB357-23,920941,15,38,1560,0.0,4.0,1.0115384615384615,0.0
BGLIB315-23_r_1_s_100_BGLIB315-23,BGLIB315-23,15020273,6081,7,1542,0.0,642.0,394.8891050583658,393.0
BGLIB363-23_r_1_s_50_BGLIB363-23,BGLIB363-23,32631911,9713,298,1548,1.0,732.0,437.36821705426354,449.0
BGLIB346-23_r_1.5_s_50_BGLIB346-23,BGLIB346-23,10305638,2398,664,1536,0.0,247.0,88.92578125,82.0
BGLIB296-23_r_1_s_50_BGLIB296-23,BGLIB296-23,610004,2183,57,1536,0.0,200.0,83.744140625,76.5
BGLIB373-23_r_1.5_s_50_BGLIB373-23,BGLIB373-23,366606,22,31,1548,0.0,5.0,0.9186046511627907,0.0
BGLIB290-23_r_1.3_s_50_BGLIB290-23,BGLIB290-23,7645913,69020,11224,1608,0.0,5373.0,3171.832089552239,3541.5
BGLIB305-23_r_1.5_s_50_BGLIB305-23,BGLIB305-23,71339639,30128,14095,1608,0.0,2943.0,1311.410447761194,1439.5
BGLIB298-23_r_1.3_s_100_BGLIB298-23,BGLIB298-23,30677682,21270,454,1533,0.0,2147.0,1196.9784735812134,1197.0
BGLIB377-23_r_1.5_s_50_BGLIB377-23,BGLIB377-23,14696455,3925,2554,1560,0.0,576.0,168.48653846153846,97.5
BGLIB342-23_r_1.3_s_50_BGLIB342-23,BGLIB342-23,13446937,1261,1049,1545,0.0,286.0,70.96699029126214,60.0
BGLIB286-23_r_1.5_s_100_BGLIB286-23,BGLIB286-23,10045827,814,813,1608,0.0,96.0,42.32835820895522,46.0
BGLIB331-23_r_1.3_s_50_BGLIB331-23,BGLIB331-23,9089252,1704,1022,1566,0.0,151.0,60.22030651340996,58.0
BGLIB350-23_r_1_s_100_BGLIB350-23,BGLIB350-23,11180448,551,745,1545,0.0,84.0,30.90485436893204,29.0
BGLIB357-23_r_1_s_100_BGLIB357-23,BGLIB357-23,920941,34,38,1560,0.0,11.0,2.6769230769230767,2.0
BGLIB370-23_r_1_s_50_BGLIB370-23,BGLIB370-23,3296961,147708,33903,1599,0.0,12516.0,8305.24765478424,8764.0
BGLIB326-23_r_1_s_100_BGLIB326-23,BGLIB326-23,16772256,3981,201,1542,0.0,392.0,258.284046692607,260.5
BGLIB289-23_r_1.5_s_100_BGLIB289-23,BGLIB289-23,24456383,3062,46,1608,0.0,371.0,160.13246268656715,167.0
BGLIB301-23_r_1.5_s_100_BGLIB301-23,BGLIB301-23,15008273,7562,28,1542,0.0,936.0,427.4533073929961,449.0
BGLIB372-23_r_1.3_s_100_BGLIB372-23,BGLIB372-23,918762,4,24,1560,0.0,4.0,0.2076923076923077,0.0
BGLIB320-23_r_1.5_s_100_BGLIB320-23,BGLIB320-23,7683567,852,553,1608,0.0,122.0,40.83022388059702,40.0
BGLIB361-23_r_1.3_s_100_BGLIB361-23,BGLIB361-23,856058,56,28,1599,0.0,17.0,2.9324577861163226,2.0
BGLIB333-23_r_1.3_s_50_BGLIB333-23,BGLIB333-23,6259374,3901,570,1566,0.0,417.0,181.4904214559387,171.0
BGLIB319-23_r_1.5_s_100_BGLIB319-23,BGLIB319-23,40795630,1932,841,1608,0.0,254.0,100.44962686567165,94.0
BGLIB296-23_r_1.5_s_50_BGLIB296-23,BGLIB296-23,610004,1718,57,1536,0.0,187.0,64.38671875,60.0
BGLIB310-23_r_1.3_s_100_BGLIB310-23,BGLIB310-23,24668028,692,3,1566,0.0,70.0,40.14750957854406,45.0
BGLIB351-23_r_1_s_100_BGLIB351-23,BGLIB351-23,14111201,754,22,1536,6.0,99.0,37.4765625,33.0
BGLIB361-23_r_1.5_s_100_BGLIB361-23,BGLIB361-23,856058,51,28,1599,0.0,14.0,2.4915572232645404,2.0
BGLIB313-23_r_1.3_s_100_BGLIB313-23,BGLIB313-23,9217483,2600,407,1533,0.0,284.0,134.5655577299413,130.0
BGLIB291-23_r_1.5_s_50_BGLIB291-23,BGLIB291-23,15290380,4929,713,1608,0.0,453.0,222.52798507462686,239.5
BGLIB379-23_r_1.5_s_100_BGLIB379-23,BGLIB379-23,6697294,787,970,1581,0.0,155.0,36.817836812144215,27.0
BGLIB330-23_r_1.3_s_50_BGLIB330-23,BGLIB330-23,836764,28,6,1608,0.0,8.0,0.9589552238805971,0.0
BGLIB326-23_r_1.3_s_100_BGLIB326-23,BGLIB326-23,16772256,3847,201,1542,0.0,392.0,248.62062256809338,248.5
BGLIB320-23_r_1.3_s_50_BGLIB320-23,BGLIB320-23,7683567,2498,553,1608,0.0,211.0,93.7481343283582,99.0
BGLIB348-23_r_1.5_s_50_BGLIB348-23,BGLIB348-23,21343957,6705,4115,1581,0.0,697.0,297.5597722960152,323.0
BGLIB347-23_r_1.3_s_100_BGLIB347-23,BGLIB347-23,32342413,117751,1598,1536,600.0,10175.0,7157.275390625,7187.0
BGLIB357-23_r_1.5_s_50_BGLIB357-23,BGLIB357-23,920941,38,38,1560,0.0,8.0,1.4942307692307693,0.0
BGLIB317-23_r_1_s_50_BGLIB317-23,BGLIB317-23,1406165,52,40,1608,0.0,12.0,2.1343283582089554,2.0
BGLIB291-23_r_1.3_s_50_BGLIB291-23,BGLIB291-23,15290380,6138,713,1608,0.0,509.0,277.4440298507463,294.5
BGLIB347-23_r_1_s_50_BGLIB347-23,BGLIB347-23,32342413,150007,1598,1536,784.0,12277.0,8174.603515625,8316.0
BGLIB371-23_r_1_s_100_BGLIB371-23,BGLIB371-23,2112348,121,116,1581,0.0,29.0,7.246679316888046,6.0
BGLIB343-23_r_1_s_100_BGLIB343-23,BGLIB343-23,21778778,341,53,1545,4.0,37.0,19.710679611650484,20.0
BGLIB307-23_r_1.5_s_50_BGLIB307-23,BGLIB307-23,18009094,24765,12,1608,0.0,1900.0,944.0932835820895,1126.5
BGLIB293-23_r_1.5_s_50_BGLIB293-23,BGLIB293-23,11969488,2700,175,1536,0.0,285.0,141.6953125,146.0
BGLIB365-23_r_1.5_s_50_BGLIB365-23,BGLIB365-23,3960635,219,48,1599,0.0,30.0,8.977485928705441,7.0
BGLIB358-23_r_1.5_s_50_BGLIB358-23,BGLIB358-23,1560599,109,13,1581,0.0,29.0,3.777988614800759,2.0
BGLIB291-23_r_1.5_s_100_BGLIB291-23,BGLIB291-23,15290380,3129,713,1608,0.0,348.0,168.4757462686567,178.0
BGLIB286-23_r_1.3_s_100_BGLIB286-23,BGLIB286-23,10045827,1034,813,1608,0.0,131.0,54.91417910447761,62.0
BGLIB332-23_r_1_s_100_BGLIB332-23,BGLIB332-23,11606068,3025,575,1536,22.0,320.0,181.240234375,175.0
BGLIB363-23_r_1_s_100_BGLIB363-23,BGLIB363-23,32631911,5023,298,1548,0.0,509.0,280.0968992248062,302.0
BGLIB329-23_r_1.3_s_50_BGLIB329-23,BGLIB329-23,10900446,652,100,1608,0.0,58.0,24.723880597014926,26.0
BGLIB355-23_r_1_s_50_BGLIB355-23,BGLIB355-23,12313387,3319,170,1599,0.0,262.0,154.60412757973734,156.0
BGLIB302-23_r_1_s_50_BGLIB302-23,BGLIB302-23,24533899,3648,495,1542,2.0,316.0,194.8852140077821,189.0
BGLIB294-23_r_1.5_s_50_BGLIB294-23,BGLIB294-23,18182954,11023,935,1536,0.0,1333.0,692.7890625,713.0
BGLIB337-23_r_1_s_100_BGLIB337-23,BGLIB337-23,2718153,39,168,1566,0.0,9.0,2.553639846743295,2.0
BGLIB367-23_r_1.3_s_50_BGLIB367-23,BGLIB367-23,3137930,1490,353,1527,12.0,139.0,59.50687622789784,60.0
BGLIB295-23_r_1_s_50_BGLIB295-23,BGLIB295-23,2228762,132,35,1536,0.0,23.0,5.80859375,5.0
BGLIB301-23_r_1.3_s_100_BGLIB301-23,BGLIB301-23,15008273,8518,28,1542,90.0,945.0,486.3715953307393,479.5
BGLIB373-23_r_1.3_s_50_BGLIB373-23,BGLIB373-23,366606,41,31,1548,0.0,9.0,1.6162790697674418,0.0
BGLIB372-23_r_1.5_s_50_BGLIB372-23,BGLIB372-23,918762,12,24,1560,0.0,8.0,0.38846153846153847,0.0
BGLIB370-23_r_1.3_s_50_BGLIB370-23,BGLIB370-23,3296961,138935,33903,1599,0.0,12482.0,7863.240150093809,8299.0
BGLIB288-23_r_1_s_50_BGLIB288-23,BGLIB288-23,14084214,1434,615,1608,0.0,160.0,58.04477611940298,52.0
BGLIB359-23_r_1.3_s_50_BGLIB359-23,BGLIB359-23,27944852,4521,3458,1554,0.0,431.0,247.66023166023166,236.0
BGLIB354-23_r_1.5_s_50_BGLIB354-23,BGLIB354-23,8350276,1508,58,1554,0.0,119.0,52.30694980694981,55.0
BGLIB302-23_r_1.5_s_50_BGLIB302-23,BGLIB302-23,24533899,2695,495,1542,0.0,254.0,154.22762645914398,160.0
BGLIB325-23_r_1.5_s_50_BGLIB325-23,BGLIB325-23,15605113,5956,326,1542,0.0,688.0,380.4182879377432,431.0
BGLIB325-23_r_1_s_50_BGLIB325-23,BGLIB325-23,15605113,8163,326,1542,0.0,723.0,516.8891050583658,523.5
BGLIB349-23_r_1_s_100_BGLIB349-23,BGLIB349-23,6089829,4653,365,1554,41.0,739.0,252.5830115830116,228.0
BGLIB308-23_r_1.5_s_50_BGLIB308-23,BGLIB308-23,18601424,3544,871,1608,0.0,343.0,214.80597014925374,253.0
BGLIB334-23_r_1_s_100_BGLIB334-23,BGLIB334-23,13309719,23373,3061,1566,0.0,2436.0,1430.4501915708813,1437.5
BGLIB364-23_r_1.3_s_100_BGLIB364-23,BGLIB364-23,21161617,1137,19,1530,0.0,133.0,62.13921568627451,60.0
BGLIB366-23_r_1.5_s_50_BGLIB366-23,BGLIB366-23,8317298,30,107,1581,0.0,10.0,0.9753320683111955,0.0
BGLIB298-23_r_1.5_s_50_BGLIB298-23,BGLIB298-23,30677682,28498,454,1533,0.0,2515.0,1345.0293542074364,1490.0
BGLIB297-23_r_1_s_50_BGLIB297-23,BGLIB297-23,10824575,2189,357,1536,0.0,230.0,101.80859375,91.0
BGLIB340-23_r_1.5_s_100_BGLIB340-23,BGLIB340-23,20077106,306,6,1536,0.0,53.0,16.005859375,16.0
BGLIB309-23_r_1.3_s_100_BGLIB309-23,BGLIB309-23,8356677,474,20,1566,0.0,55.0,25.193486590038315,24.0
BGLIB299-23_r_1.3_s_100_BGLIB299-23,BGLIB299-23,3919549,10109,626,1542,0.0,1149.0,592.4902723735408,573.0
BGLIB373-23_r_1_s_100_BGLIB373-23,BGLIB373-23,366606,24,31,1548,0.0,8.0,1.5968992248062015,1.0
BGE00403-NC_r_1_s_50_BGE00403-NC,BGE00403-NC,188659,19,16,1539,0.0,5.0,1.1988304093567252,1.0
BGLIB292-23_r_1.5_s_50_BGLIB292-23,BGLIB292-23,5252406,641,99,1566,0.0,77.0,23.978927203065133,22.0
BGLIB294-23_r_1.3_s_100_BGLIB294-23,BGLIB294-23,18182954,11624,935,1536,124.0,1263.0,793.904296875,786.0
BGLIB328-23_r_1.5_s_50_BGLIB328-23,BGLIB328-23,14011733,4054,2424,1566,0.0,459.0,194.59003831417624,204.0
BGLIB356-23_r_1.5_s_50_BGLIB356-23,BGLIB356-23,2213450,54,50,1560,0.0,16.0,2.080769230769231,0.5
BGLIB342-23_r_1.3_s_100_BGLIB342-23,BGLIB342-23,13446937,856,1049,1545,0.0,239.0,58.283495145631065,44.0
BGLIB305-23_r_1.5_s_100_BGLIB305-23,BGLIB305-23,71339639,18622,14095,1608,0.0,2335.0,969.8432835820895,1111.0
BGLIB360-23_r_1.3_s_50_BGLIB360-23,BGLIB360-23,37784752,2667,102,1551,0.0,281.0,156.39651837524178,157.0
BGLIB345-23_r_1.3_s_100_BGLIB345-23,BGLIB345-23,10988109,55,131,1545,0.0,18.0,3.0058252427184464,2.0
BGLIB323-23_r_1_s_100_BGLIB323-23,BGLIB323-23,10115352,3610,190,1536,0.0,414.0,189.025390625,187.0
BGLIB305-23_r_1.3_s_50_BGLIB305-23,BGLIB305-23,71339639,40772,14095,1608,0.0,3931.0,1779.535447761194,1889.5
BGLIB302-23_r_1.3_s_50_BGLIB302-23,BGLIB302-23,24533899,3214,495,1542,0.0,269.0,179.79961089494162,179.5
BGLIB351-23_r_1.5_s_50_BGLIB351-23,BGLIB351-23,14111201,1424,22,1536,14.0,134.0,57.216796875,50.0
BGLIB330-23_r_1.5_s_100_BGLIB330-23,BGLIB330-23,836764,4,6,1608,0.0,4.0,0.19402985074626866,0.0
BGLIB297-23_r_1.3_s_100_BGLIB297-23,BGLIB297-23,10824575,1237,357,1536,0.0,142.0,68.8515625,66.0
BGLIB380-23_r_1.3_s_100_BGLIB380-23,BGLIB380-23,1566136,490,73,1581,0.0,93.0,22.55787476280835,14.0
